{"Coordinates": [[38.24, 20.42], [39.57, 26.15], [40.56, 25.32], [36.26, 23.12], [33.48, 10.54], [37.56, 12.19], [38.42, 13.11], [37.52, 20.44], [41.23, 9.1], [41.17, 13.05], [36.08, -5.21], [38.47, 15.13], [38.15, 15.35], [37.51, 15.17], [35.49, 14.32], [39.36, 19.56], [38.09, 24.36], [36.09, 23.0], [40.44, 13.57], [40.33, 14.15], [40.37, 14.23], [37.57, 22.56]], "Matrix": [[0.0, 6.0, 5.0, 3.0, 11.0, 8.0, 7.0, 1.0, 12.0, 8.0, 26.0, 5.0, 5.0, 5.0, 7.0, 1.0, 4.0, 3.0, 7.0, 7.0, 7.0, 2.0], [6.0, 0.0, 1.0, 4.0, 17.0, 14.0, 13.0, 6.0, 17.0, 13.0, 32.0, 11.0, 11.0, 11.0, 13.0, 7.0, 2.0, 5.0, 13.0, 12.0, 12.0, 4.0], [5.0, 1.0, 0.0, 5.0, 16.0, 13.0, 12.0, 6.0, 16.0, 12.0, 31.0, 10.0, 10.0, 11.0, 12.0, 6.0, 3.0, 5.0, 12.0, 11.0, 11.0, 4.0], [3.0, 4.0, 5.0, 0.0, 13.0, 11.0, 10.0, 3.0, 15.0, 11.0, 28.0, 8.0, 8.0, 8.0, 9.0, 5.0, 2.0, 0.0, 10.0, 10.0, 10.0, 1.0], [11.0, 17.0, 16.0, 13.0, 0.0, 4.0, 6.0, 11.0, 8.0, 8.0, 16.0, 7.0, 7.0, 6.0, 4.0, 11.0, 15.0, 13.0, 8.0, 8.0, 8.0, 13.0], [8.0, 14.0, 13.0, 11.0, 4.0, 0.0, 1.0, 8.0, 5.0, 4.0, 17.0, 3.0, 3.0, 3.0, 3.0, 8.0, 12.0, 11.0, 3.0, 3.0, 3.0, 10.0], [7.0, 13.0, 12.0, 10.0, 6.0, 1.0, 0.0, 7.0, 5.0, 3.0, 18.0, 2.0, 2.0, 2.0, 3.0, 7.0, 11.0, 10.0, 2.0, 2.0, 2.0, 9.0], [1.0, 6.0, 6.0, 3.0, 11.0, 8.0, 7.0, 0.0, 12.0, 8.0, 26.0, 5.0, 5.0, 5.0, 6.0, 2.0, 4.0, 3.0, 7.0, 7.0, 7.0, 2.0], [12.0, 17.0, 16.0, 15.0, 8.0, 5.0, 5.0, 12.0, 0.0, 4.0, 15.0, 7.0, 7.0, 7.0, 8.0, 11.0, 16.0, 15.0, 5.0, 5.0, 5.0, 14.0], [8.0, 13.0, 12.0, 11.0, 8.0, 4.0, 3.0, 8.0, 4.0, 0.0, 19.0, 3.0, 4.0, 4.0, 6.0, 7.0, 12.0, 11.0, 1.0, 1.0, 1.0, 10.0], [26.0, 32.0, 31.0, 28.0, 16.0, 17.0, 18.0, 26.0, 15.0, 19.0, 0.0, 20.0, 21.0, 20.0, 20.0, 25.0, 30.0, 28.0, 19.0, 20.0, 20.0, 28.0], [5.0, 11.0, 10.0, 8.0, 7.0, 3.0, 2.0, 5.0, 7.0, 3.0, 20.0, 0.0, 0.0, 1.0, 3.0, 5.0, 9.0, 8.0, 3.0, 2.0, 2.0, 7.0], [5.0, 11.0, 10.0, 8.0, 7.0, 3.0, 2.0, 5.0, 7.0, 4.0, 21.0, 0.0, 0.0, 1.0, 3.0, 4.0, 9.0, 8.0, 3.0, 2.0, 2.0, 7.0], [5.0, 11.0, 11.0, 8.0, 6.0, 3.0, 2.0, 5.0, 7.0, 4.0, 20.0, 1.0, 1.0, 0.0, 2.0, 5.0, 9.0, 8.0, 3.0, 3.0, 3.0, 7.0], [7.0, 13.0, 12.0, 9.0, 4.0, 3.0, 3.0, 6.0, 8.0, 6.0, 20.0, 3.0, 3.0, 2.0, 0.0, 7.0, 10.0, 9.0, 5.0, 5.0, 5.0, 8.0], [1.0, 7.0, 6.0, 5.0, 11.0, 8.0, 7.0, 2.0, 11.0, 7.0, 25.0, 5.0, 4.0, 5.0, 7.0, 0.0, 5.0, 5.0, 6.0, 5.0, 5.0, 3.0], [4.0, 2.0, 3.0, 2.0, 15.0, 12.0, 11.0, 4.0, 16.0, 12.0, 30.0, 9.0, 9.0, 9.0, 10.0, 5.0, 0.0, 2.0, 11.0, 10.0, 10.0, 2.0], [3.0, 5.0, 5.0, 0.0, 13.0, 11.0, 10.0, 3.0, 15.0, 11.0, 28.0, 8.0, 8.0, 8.0, 9.0, 5.0, 2.0, 0.0, 10.0, 10.0, 10.0, 2.0], [7.0, 13.0, 12.0, 10.0, 8.0, 3.0, 2.0, 7.0, 5.0, 1.0, 19.0, 3.0, 3.0, 3.0, 5.0, 6.0, 11.0, 10.0, 0.0, 1.0, 1.0, 9.0], [7.0, 12.0, 11.0, 10.0, 8.0, 3.0, 2.0, 7.0, 5.0, 1.0, 20.0, 2.0, 2.0, 3.0, 5.0, 5.0, 10.0, 10.0, 1.0, 0.0, 0.0, 9.0], [7.0, 12.0, 11.0, 10.0, 8.0, 3.0, 2.0, 7.0, 5.0, 1.0, 20.0, 2.0, 2.0, 3.0, 5.0, 5.0, 10.0, 10.0, 1.0, 0.0, 0.0, 9.0], [2.0, 4.0, 4.0, 1.0, 13.0, 10.0, 9.0, 2.0, 14.0, 10.0, 28.0, 7.0, 7.0, 7.0, 8.0, 3.0, 2.0, 2.0, 9.0, 9.0, 9.0, 0.0]], "GlobalBest": [0, 13, 12, 11, 6, 5, 14, 4, 10, 8, 9, 18, 19, 20, 15, 2, 1, 16, 21, 3, 17, 7], "GlobalBestVal": 74.0, "Timeout": 120}