{"Coordinates": [[143.775, 862.63], [881.78, 1.18319], [545.244, 735.005], [502.813, 876.001], [204.876, 345.225], [701.637, 576.987], [147.167, 164.286], [135.382, 807.91], [628.999, 976.971], [674.999, 731.447], [313.696, 299.126], [445.689, 981.97], [354.793, 765.215], [398.129, 976.034], [273.041, 853.944], [666.295, 312.27], [876.942, 925.39], [134.026, 949.816], [966.825, 726.799], [659.346, 889.08], [400.34, 874.489], [118.041, 312.04], [809.87, 50.8555], [16.2821, 114.161], [12.6192, 48.2407], [650.039, 940.261], [791.189, 758.951], [907.194, 612.605], [510.857, 25.8629], [31.6366, 431.221], [776.763, 253.781], [531.819, 906.89], [654.965, 767.759], [186.06, 206.527], [564.595, 2.99685], [410.816, 437.921], [930.189, 639.817], [941.392, 889.979], [341.538, 39.4141], [162.622, 95.1969], [107.558, 262.746], [82.6398, 131.129], [43.0137, 77.901], [554.45, 99.7819], [608.618, 227.863], [889.589, 760.96], [559.461, 508.125], [13.6027, 508.467], [402.567, 839.178], [886.156, 764.31], [84.6462, 629.068], [486.783, 259.062], [647.516, 553.517], [967.65, 824.246], [236.623, 1.52397], [879.518, 737.584], [509.84, 420.787], [936.134, 303.893], [872.343, 499.018], [142.996, 840.984], [233.102, 303.929], [199.819, 937.721], [302.123, 847.44], [365.531, 566.229], [107.593, 549.471], [802.657, 344.868], [319.486, 813.104], [3.24542, 701.539], [180.027, 766.307], [977.601, 968.843], [14.6301, 842.383], [922.626, 954.285], [896.272, 789.067], [667.952, 906.108], [425.058, 869.541], [865.918, 369.61], [898.572, 539.108], [621.689, 878.159], [673.73, 613.117], [89.2979, 491.923], [147.858, 459.84], [428.293, 905.37], [51.7499, 636.336], [826.458, 231.701], [426.249, 946.357], [316.069, 853.389], [275.713, 973.754], [835.293, 247.974], [970.187, 63.5213], [123.616, 644.17], [226.668, 562.456], [808.92, 791.39], [942.256, 531.023], [705.831, 455.757], [856.231, 509.763], [352.477, 1.16433], [308.882, 842.792], [750.979, 394.934], [610.775, 584.408], [483.637, 116.325]], "Matrix": [[0.0, 1134.0, 421.0, 359.0, 521.0, 627.0, 698.0, 55.0, 499.0, 547.0, 589.0, 325.0, 232.0, 278.0, 130.0, 759.0, 736.0, 88.0, 834.0, 516.0, 257.0, 551.0, 1050.0, 759.0, 825.0, 512.0, 656.0, 803.0, 914.0, 446.0, 878.0, 391.0, 520.0, 657.0, 957.0, 502.0, 817.0, 798.0, 847.0, 768.0, 601.0, 734.0, 791.0, 866.0, 787.0, 753.0, 546.0, 377.0, 260.0, 749.0, 241.0, 694.0, 591.0, 825.0, 866.0, 746.0, 574.0, 970.0, 814.0, 22.0, 566.0, 94.0, 159.0, 370.0, 315.0, 838.0, 183.0, 214.0, 103.0, 841.0, 131.0, 784.0, 756.0, 526.0, 281.0, 874.0, 821.0, 478.0, 586.0, 375.0, 403.0, 288.0, 244.0, 930.0, 295.0, 173.0, 172.0, 925.0, 1150.0, 219.0, 311.0, 669.0, 865.0, 694.0, 795.0, 886.0, 166.0, 766.0, 544.0, 820.0], [1134.0, 0.0, 807.0, 953.0, 759.0, 603.0, 753.0, 1099.0, 1008.0, 759.0, 641.0, 1073.0, 928.0, 1088.0, 1048.0, 378.0, 924.0, 1208.0, 731.0, 915.0, 997.0, 825.0, 87.0, 873.0, 870.0, 967.0, 763.0, 612.0, 372.0, 953.0, 274.0, 971.0, 799.0, 725.0, 317.0, 642.0, 640.0, 891.0, 542.0, 725.0, 817.0, 810.0, 842.0, 342.0, 355.0, 760.0, 601.0, 1006.0, 965.0, 763.0, 1015.0, 472.0, 600.0, 828.0, 645.0, 736.0, 561.0, 308.0, 498.0, 1119.0, 716.0, 1159.0, 1026.0, 765.0, 949.0, 353.0, 988.0, 1124.0, 1038.0, 972.0, 1208.0, 954.0, 788.0, 930.0, 981.0, 369.0, 538.0, 915.0, 646.0, 932.0, 865.0, 1012.0, 1045.0, 237.0, 1049.0, 1023.0, 1146.0, 251.0, 108.0, 994.0, 863.0, 794.0, 533.0, 487.0, 509.0, 529.0, 1018.0, 415.0, 643.0, 414.0], [421.0, 807.0, 0.0, 147.0, 517.0, 222.0, 696.0, 416.0, 256.0, 130.0, 494.0, 266.0, 193.0, 282.0, 297.0, 440.0, 382.0, 464.0, 422.0, 192.0, 201.0, 601.0, 734.0, 816.0, 869.0, 230.0, 247.0, 382.0, 710.0, 597.0, 534.0, 172.0, 115.0, 639.0, 732.0, 326.0, 397.0, 425.0, 725.0, 745.0, 644.0, 761.0, 827.0, 635.0, 511.0, 345.0, 227.0, 578.0, 177.0, 342.0, 473.0, 480.0, 208.0, 432.0, 796.0, 334.0, 316.0, 582.0, 403.0, 416.0, 532.0, 401.0, 268.0, 247.0, 475.0, 467.0, 239.0, 543.0, 367.0, 492.0, 541.0, 436.0, 355.0, 211.0, 180.0, 486.0, 404.0, 162.0, 177.0, 517.0, 483.0, 207.0, 503.0, 577.0, 243.0, 258.0, 360.0, 567.0, 795.0, 431.0, 362.0, 270.0, 446.0, 322.0, 384.0, 759.0, 260.0, 397.0, 164.0, 622.0], [359.0, 953.0, 147.0, 0.0, 609.0, 359.0, 796.0, 374.0, 162.0, 225.0, 607.0, 120.0, 185.0, 145.0, 231.0, 587.0, 377.0, 376.0, 487.0, 157.0, 102.0, 683.0, 880.0, 904.0, 962.0, 161.0, 311.0, 483.0, 850.0, 648.0, 680.0, 42.0, 187.0, 741.0, 875.0, 448.0, 488.0, 439.0, 852.0, 852.0, 730.0, 855.0, 921.0, 778.0, 657.0, 404.0, 372.0, 612.0, 107.0, 399.0, 486.0, 617.0, 353.0, 468.0, 914.0, 401.0, 455.0, 718.0, 528.0, 362.0, 632.0, 309.0, 203.0, 339.0, 513.0, 610.0, 194.0, 529.0, 341.0, 484.0, 489.0, 427.0, 403.0, 168.0, 78.0, 623.0, 520.0, 119.0, 314.0, 564.0, 547.0, 80.0, 511.0, 721.0, 104.0, 188.0, 247.0, 711.0, 937.0, 444.0, 418.0, 318.0, 559.0, 467.0, 509.0, 888.0, 197.0, 541.0, 311.0, 760.0], [521.0, 759.0, 517.0, 609.0, 0.0, 548.0, 190.0, 468.0, 761.0, 608.0, 118.0, 681.0, 446.0, 660.0, 513.0, 463.0, 888.0, 609.0, 852.0, 709.0, 564.0, 93.0, 673.0, 298.0, 354.0, 743.0, 718.0, 751.0, 442.0, 193.0, 579.0, 650.0, 617.0, 140.0, 497.0, 226.0, 783.0, 916.0, 335.0, 254.0, 128.0, 247.0, 313.0, 427.0, 420.0, 801.0, 390.0, 251.0, 532.0, 800.0, 308.0, 295.0, 489.0, 901.0, 345.0, 780.0, 314.0, 732.0, 685.0, 500.0, 50.0, 593.0, 512.0, 273.0, 226.0, 598.0, 482.0, 409.0, 422.0, 993.0, 532.0, 941.0, 822.0, 727.0, 569.0, 661.0, 720.0, 677.0, 540.0, 187.0, 128.0, 603.0, 329.0, 632.0, 641.0, 520.0, 633.0, 638.0, 816.0, 310.0, 218.0, 751.0, 760.0, 513.0, 672.0, 374.0, 508.0, 548.0, 471.0, 361.0], [627.0, 603.0, 222.0, 359.0, 548.0, 0.0, 691.0, 612.0, 407.0, 157.0, 477.0, 479.0, 395.0, 501.0, 510.0, 267.0, 390.0, 679.0, 305.0, 315.0, 423.0, 641.0, 537.0, 827.0, 869.0, 367.0, 203.0, 209.0, 583.0, 686.0, 332.0, 371.0, 196.0, 635.0, 590.0, 322.0, 237.0, 394.0, 647.0, 723.0, 672.0, 763.0, 826.0, 499.0, 361.0, 263.0, 158.0, 691.0, 398.0, 263.0, 619.0, 384.0, 59.0, 363.0, 740.0, 240.0, 247.0, 360.0, 188.0, 618.0, 542.0, 618.0, 482.0, 336.0, 595.0, 253.0, 449.0, 709.0, 555.0, 479.0, 736.0, 437.0, 288.0, 331.0, 403.0, 265.0, 201.0, 312.0, 46.0, 618.0, 566.0, 427.0, 653.0, 367.0, 461.0, 474.0, 582.0, 355.0, 579.0, 582.0, 475.0, 240.0, 245.0, 121.0, 169.0, 673.0, 474.0, 189.0, 91.0, 510.0], [698.0, 753.0, 696.0, 796.0, 190.0, 691.0, 0.0, 644.0, 945.0, 775.0, 214.0, 870.0, 636.0, 850.0, 701.0, 540.0, 1054.0, 786.0, 994.0, 887.0, 754.0, 151.0, 672.0, 140.0, 178.0, 925.0, 877.0, 882.0, 389.0, 291.0, 636.0, 836.0, 789.0, 57.0, 448.0, 380.0, 916.0, 1076.0, 231.0, 71.0, 106.0, 73.0, 135.0, 412.0, 466.0, 952.0, 537.0, 369.0, 722.0, 952.0, 469.0, 353.0, 634.0, 1053.0, 186.0, 930.0, 444.0, 801.0, 799.0, 677.0, 164.0, 775.0, 701.0, 457.0, 387.0, 680.0, 671.0, 556.0, 603.0, 1156.0, 691.0, 1107.0, 975.0, 906.0, 758.0, 748.0, 840.0, 857.0, 692.0, 333.0, 296.0, 793.0, 482.0, 683.0, 830.0, 710.0, 820.0, 693.0, 829.0, 480.0, 406.0, 912.0, 876.0, 630.0, 789.0, 262.0, 698.0, 646.0, 626.0, 340.0], [55.0, 1099.0, 416.0, 374.0, 468.0, 612.0, 644.0, 0.0, 522.0, 545.0, 539.0, 356.0, 224.0, 312.0, 145.0, 726.0, 751.0, 142.0, 835.0, 530.0, 273.0, 496.0, 1014.0, 704.0, 770.0, 531.0, 658.0, 796.0, 868.0, 391.0, 848.0, 409.0, 521.0, 604.0, 912.0, 461.0, 812.0, 810.0, 796.0, 713.0, 546.0, 679.0, 736.0, 823.0, 749.0, 756.0, 519.0, 323.0, 269.0, 752.0, 186.0, 652.0, 572.0, 832.0, 813.0, 747.0, 539.0, 946.0, 799.0, 34.0, 513.0, 145.0, 171.0, 334.0, 260.0, 812.0, 184.0, 170.0, 61.0, 857.0, 126.0, 801.0, 761.0, 542.0, 296.0, 852.0, 809.0, 491.0, 573.0, 319.0, 348.0, 309.0, 191.0, 900.0, 322.0, 186.0, 217.0, 896.0, 1118.0, 164.0, 262.0, 674.0, 853.0, 670.0, 780.0, 835.0, 177.0, 741.0, 525.0, 774.0], [499.0, 1008.0, 256.0, 162.0, 761.0, 407.0, 945.0, 522.0, 0.0, 250.0, 748.0, 183.0, 346.0, 231.0, 377.0, 666.0, 253.0, 496.0, 420.0, 93.0, 251.0, 839.0, 944.0, 1058.0, 1115.0, 42.0, 272.0, 458.0, 958.0, 809.0, 738.0, 120.0, 211.0, 889.0, 976.0, 582.0, 452.0, 324.0, 981.0, 998.0, 884.0, 1007.0, 1073.0, 880.0, 749.0, 338.0, 474.0, 773.0, 265.0, 334.0, 646.0, 732.0, 424.0, 371.0, 1051.0, 347.0, 569.0, 740.0, 536.0, 505.0, 781.0, 431.0, 352.0, 488.0, 674.0, 656.0, 350.0, 684.0, 496.0, 349.0, 629.0, 295.0, 327.0, 81.0, 231.0, 652.0, 514.0, 99.0, 367.0, 726.0, 706.0, 213.0, 670.0, 771.0, 205.0, 336.0, 353.0, 758.0, 975.0, 605.0, 578.0, 258.0, 545.0, 527.0, 520.0, 1014.0, 347.0, 595.0, 393.0, 873.0], [547.0, 759.0, 130.0, 225.0, 608.0, 157.0, 775.0, 545.0, 250.0, 0.0, 563.0, 340.0, 322.0, 369.0, 420.0, 419.0, 280.0, 583.0, 292.0, 158.0, 310.0, 697.0, 694.0, 903.0, 952.0, 210.0, 119.0, 261.0, 724.0, 710.0, 488.0, 226.0, 41.0, 717.0, 737.0, 395.0, 271.0, 310.0, 768.0, 817.0, 736.0, 843.0, 909.0, 643.0, 508.0, 217.0, 251.0, 698.0, 293.0, 214.0, 599.0, 509.0, 180.0, 307.0, 851.0, 205.0, 352.0, 501.0, 305.0, 543.0, 615.0, 518.0, 391.0, 351.0, 596.0, 407.0, 365.0, 672.0, 496.0, 385.0, 670.0, 333.0, 229.0, 175.0, 286.0, 409.0, 295.0, 156.0, 118.0, 633.0, 593.0, 302.0, 630.0, 522.0, 329.0, 379.0, 467.0, 509.0, 730.0, 558.0, 479.0, 147.0, 334.0, 277.0, 286.0, 798.0, 383.0, 345.0, 160.0, 644.0], [589.0, 641.0, 494.0, 607.0, 118.0, 477.0, 214.0, 539.0, 748.0, 563.0, 0.0, 695.0, 468.0, 682.0, 556.0, 353.0, 842.0, 675.0, 781.0, 684.0, 582.0, 196.0, 555.0, 350.0, 392.0, 724.0, 663.0, 671.0, 337.0, 311.0, 465.0, 646.0, 580.0, 158.0, 388.0, 169.0, 704.0, 862.0, 261.0, 254.0, 209.0, 286.0, 350.0, 313.0, 303.0, 738.0, 323.0, 366.0, 547.0, 738.0, 402.0, 178.0, 420.0, 839.0, 307.0, 716.0, 231.0, 622.0, 593.0, 568.0, 81.0, 649.0, 548.0, 272.0, 324.0, 491.0, 514.0, 508.0, 486.0, 943.0, 620.0, 894.0, 761.0, 703.0, 581.0, 557.0, 632.0, 656.0, 478.0, 296.0, 231.0, 617.0, 427.0, 517.0, 657.0, 554.0, 676.0, 524.0, 697.0, 394.0, 277.0, 698.0, 670.0, 422.0, 582.0, 300.0, 544.0, 448.0, 412.0, 250.0], [325.0, 1073.0, 266.0, 120.0, 681.0, 479.0, 870.0, 356.0, 183.0, 340.0, 695.0, 0.0, 235.0, 48.0, 215.0, 705.0, 435.0, 313.0, 580.0, 233.0, 117.0, 746.0, 1000.0, 968.0, 1029.0, 209.0, 411.0, 591.0, 958.0, 689.0, 800.0, 114.0, 299.0, 818.0, 986.0, 545.0, 593.0, 504.0, 948.0, 931.0, 795.0, 925.0, 990.0, 889.0, 772.0, 496.0, 487.0, 641.0, 149.0, 491.0, 505.0, 724.0, 474.0, 545.0, 1002.0, 498.0, 565.0, 837.0, 644.0, 334.0, 711.0, 250.0, 197.0, 423.0, 549.0, 730.0, 211.0, 524.0, 342.0, 532.0, 453.0, 478.0, 490.0, 235.0, 114.0, 743.0, 633.0, 204.0, 434.0, 606.0, 601.0, 79.0, 524.0, 841.0, 41.0, 183.0, 170.0, 831.0, 1058.0, 467.0, 473.0, 410.0, 671.0, 587.0, 626.0, 985.0, 195.0, 662.0, 430.0, 866.0], [232.0, 928.0, 193.0, 185.0, 446.0, 395.0, 636.0, 224.0, 346.0, 322.0, 468.0, 235.0, 0.0, 215.0, 121.0, 550.0, 546.0, 288.0, 613.0, 329.0, 118.0, 511.0, 847.0, 734.0, 794.0, 343.0, 436.0, 573.0, 756.0, 465.0, 663.0, 227.0, 300.0, 584.0, 791.0, 332.0, 589.0, 600.0, 726.0, 697.0, 560.0, 690.0, 755.0, 695.0, 594.0, 535.0, 329.0, 427.0, 88.0, 531.0, 303.0, 523.0, 361.0, 616.0, 773.0, 525.0, 378.0, 742.0, 582.0, 225.0, 477.0, 232.0, 98.0, 199.0, 328.0, 614.0, 59.0, 357.0, 175.0, 655.0, 349.0, 598.0, 542.0, 343.0, 126.0, 646.0, 589.0, 290.0, 353.0, 381.0, 369.0, 158.0, 329.0, 712.0, 195.0, 96.0, 223.0, 706.0, 933.0, 261.0, 240.0, 455.0, 632.0, 468.0, 563.0, 764.0, 90.0, 542.0, 313.0, 662.0], [278.0, 1088.0, 282.0, 145.0, 660.0, 501.0, 850.0, 312.0, 231.0, 369.0, 682.0, 48.0, 215.0, 0.0, 175.0, 716.0, 481.0, 265.0, 621.0, 275.0, 102.0, 721.0, 1013.0, 943.0, 1005.0, 254.0, 449.0, 625.0, 957.0, 657.0, 815.0, 151.0, 331.0, 798.0, 987.0, 538.0, 629.0, 550.0, 938.0, 912.0, 770.0, 902.0, 966.0, 890.0, 777.0, 536.0, 495.0, 605.0, 137.0, 532.0, 468.0, 722.0, 491.0, 589.0, 988.0, 537.0, 566.0, 861.0, 673.0, 289.0, 692.0, 202.0, 160.0, 411.0, 516.0, 750.0, 181.0, 481.0, 303.0, 580.0, 406.0, 525.0, 532.0, 279.0, 110.0, 766.0, 664.0, 244.0, 456.0, 574.0, 574.0, 77.0, 485.0, 859.0, 41.0, 148.0, 122.0, 849.0, 1077.0, 431.0, 448.0, 450.0, 703.0, 604.0, 654.0, 976.0, 160.0, 680.0, 446.0, 864.0], [130.0, 1048.0, 297.0, 231.0, 513.0, 510.0, 701.0, 145.0, 377.0, 420.0, 556.0, 215.0, 121.0, 175.0, 0.0, 669.0, 608.0, 169.0, 705.0, 388.0, 129.0, 564.0, 966.0, 783.0, 847.0, 387.0, 527.0, 679.0, 862.0, 487.0, 784.0, 264.0, 392.0, 653.0, 900.0, 438.0, 691.0, 669.0, 817.0, 767.0, 614.0, 747.0, 809.0, 805.0, 710.0, 624.0, 449.0, 432.0, 130.0, 620.0, 293.0, 632.0, 480.0, 695.0, 853.0, 618.0, 494.0, 862.0, 697.0, 131.0, 551.0, 111.0, 30.0, 302.0, 347.0, 735.0, 62.0, 310.0, 128.0, 714.0, 259.0, 657.0, 627.0, 398.0, 153.0, 766.0, 700.0, 349.0, 467.0, 406.0, 414.0, 164.0, 310.0, 833.0, 179.0, 43.0, 120.0, 827.0, 1054.0, 258.0, 295.0, 540.0, 743.0, 588.0, 677.0, 856.0, 38.0, 663.0, 432.0, 767.0], [759.0, 378.0, 440.0, 587.0, 463.0, 267.0, 540.0, 726.0, 666.0, 419.0, 353.0, 705.0, 550.0, 716.0, 669.0, 0.0, 648.0, 831.0, 512.0, 577.0, 622.0, 548.0, 298.0, 680.0, 705.0, 628.0, 464.0, 385.0, 326.0, 646.0, 125.0, 610.0, 456.0, 492.0, 326.0, 285.0, 421.0, 640.0, 424.0, 548.0, 561.0, 611.0, 666.0, 240.0, 102.0, 501.0, 223.0, 682.0, 589.0, 503.0, 662.0, 187.0, 242.0, 594.0, 530.0, 476.0, 190.0, 270.0, 278.0, 744.0, 433.0, 780.0, 647.0, 394.0, 607.0, 140.0, 609.0, 769.0, 665.0, 727.0, 840.0, 691.0, 529.0, 594.0, 607.0, 208.0, 325.0, 568.0, 301.0, 604.0, 539.0, 639.0, 695.0, 179.0, 678.0, 645.0, 768.0, 181.0, 393.0, 636.0, 506.0, 500.0, 352.0, 149.0, 274.0, 442.0, 640.0, 118.0, 278.0, 268.0], [736.0, 924.0, 382.0, 377.0, 888.0, 390.0, 1054.0, 751.0, 253.0, 280.0, 842.0, 435.0, 546.0, 481.0, 608.0, 648.0, 0.0, 743.0, 218.0, 221.0, 479.0, 976.0, 877.0, 1183.0, 1231.0, 227.0, 187.0, 314.0, 971.0, 979.0, 679.0, 346.0, 272.0, 997.0, 974.0, 674.0, 290.0, 74.0, 1035.0, 1095.0, 1015.0, 1123.0, 1189.0, 886.0, 747.0, 165.0, 524.0, 959.0, 482.0, 161.0, 846.0, 772.0, 437.0, 136.0, 1124.0, 188.0, 624.0, 624.0, 426.0, 739.0, 895.0, 677.0, 580.0, 625.0, 856.0, 585.0, 569.0, 902.0, 715.0, 110.0, 866.0, 54.0, 138.0, 210.0, 455.0, 556.0, 387.0, 260.0, 373.0, 899.0, 865.0, 449.0, 874.0, 696.0, 451.0, 565.0, 603.0, 679.0, 867.0, 804.0, 745.0, 150.0, 400.0, 500.0, 416.0, 1063.0, 574.0, 545.0, 433.0, 900.0], [88.0, 1208.0, 464.0, 376.0, 609.0, 679.0, 786.0, 142.0, 496.0, 583.0, 675.0, 313.0, 288.0, 265.0, 169.0, 831.0, 743.0, 0.0, 862.0, 529.0, 277.0, 638.0, 1125.0, 844.0, 910.0, 516.0, 684.0, 844.0, 998.0, 529.0, 947.0, 400.0, 552.0, 745.0, 1040.0, 582.0, 854.0, 810.0, 934.0, 855.0, 688.0, 820.0, 877.0, 948.0, 864.0, 779.0, 613.0, 457.0, 290.0, 775.0, 325.0, 776.0, 649.0, 843.0, 954.0, 775.0, 649.0, 1030.0, 865.0, 109.0, 653.0, 67.0, 197.0, 448.0, 401.0, 902.0, 230.0, 281.0, 189.0, 844.0, 161.0, 789.0, 779.0, 536.0, 302.0, 934.0, 868.0, 493.0, 636.0, 460.0, 490.0, 298.0, 324.0, 998.0, 292.0, 206.0, 144.0, 992.0, 1218.0, 306.0, 398.0, 693.0, 910.0, 756.0, 846.0, 973.0, 205.0, 830.0, 601.0, 904.0], [834.0, 731.0, 422.0, 487.0, 852.0, 305.0, 994.0, 835.0, 420.0, 292.0, 781.0, 580.0, 613.0, 621.0, 705.0, 512.0, 218.0, 862.0, 0.0, 348.0, 585.0, 945.0, 694.0, 1131.0, 1171.0, 382.0, 179.0, 129.0, 836.0, 981.0, 510.0, 471.0, 315.0, 938.0, 828.0, 627.0, 94.0, 165.0, 929.0, 1023.0, 977.0, 1066.0, 1129.0, 750.0, 614.0, 84.0, 462.0, 978.0, 575.0, 89.0, 888.0, 670.0, 363.0, 97.0, 1029.0, 88.0, 550.0, 424.0, 247.0, 832.0, 847.0, 795.0, 676.0, 622.0, 877.0, 416.0, 653.0, 964.0, 788.0, 242.0, 959.0, 232.0, 94.0, 349.0, 560.0, 371.0, 200.0, 377.0, 314.0, 908.0, 861.0, 567.0, 920.0, 515.0, 583.0, 663.0, 734.0, 497.0, 663.0, 847.0, 758.0, 171.0, 197.0, 376.0, 244.0, 951.0, 668.0, 396.0, 383.0, 779.0], [516.0, 915.0, 192.0, 157.0, 709.0, 315.0, 887.0, 530.0, 93.0, 158.0, 684.0, 233.0, 329.0, 275.0, 388.0, 577.0, 221.0, 529.0, 348.0, 0.0, 259.0, 791.0, 852.0, 1007.0, 1061.0, 52.0, 185.0, 371.0, 876.0, 777.0, 646.0, 129.0, 121.0, 831.0, 891.0, 515.0, 368.0, 282.0, 907.0, 936.0, 835.0, 952.0, 1019.0, 796.0, 663.0, 263.0, 394.0, 750.0, 262.0, 259.0, 631.0, 653.0, 336.0, 315.0, 983.0, 267.0, 492.0, 647.0, 444.0, 519.0, 724.0, 462.0, 360.0, 437.0, 648.0, 563.0, 348.0, 682.0, 495.0, 328.0, 646.0, 271.0, 257.0, 19.0, 235.0, 559.0, 424.0, 39.0, 276.0, 695.0, 668.0, 232.0, 658.0, 678.0, 240.0, 345.0, 393.0, 665.0, 882.0, 589.0, 542.0, 179.0, 456.0, 436.0, 427.0, 939.0, 354.0, 503.0, 309.0, 792.0], [257.0, 997.0, 201.0, 102.0, 564.0, 423.0, 754.0, 273.0, 251.0, 310.0, 582.0, 117.0, 118.0, 102.0, 129.0, 622.0, 479.0, 277.0, 585.0, 259.0, 0.0, 629.0, 920.0, 852.0, 913.0, 258.0, 408.0, 571.0, 856.0, 577.0, 726.0, 135.0, 276.0, 701.0, 887.0, 437.0, 579.0, 541.0, 837.0, 815.0, 678.0, 808.0, 873.0, 790.0, 679.0, 502.0, 399.0, 532.0, 35.0, 498.0, 400.0, 621.0, 405.0, 570.0, 888.0, 498.0, 467.0, 783.0, 603.0, 260.0, 595.0, 210.0, 102.0, 310.0, 437.0, 665.0, 102.0, 433.0, 245.0, 585.0, 387.0, 528.0, 503.0, 269.0, 25.0, 687.0, 601.0, 221.0, 378.0, 493.0, 485.0, 42.0, 422.0, 771.0, 76.0, 87.0, 159.0, 763.0, 991.0, 360.0, 357.0, 417.0, 642.0, 518.0, 584.0, 875.0, 97.0, 594.0, 358.0, 763.0], [551.0, 825.0, 601.0, 683.0, 93.0, 641.0, 151.0, 496.0, 839.0, 697.0, 196.0, 746.0, 511.0, 721.0, 564.0, 548.0, 976.0, 638.0, 945.0, 791.0, 629.0, 0.0, 739.0, 223.0, 284.0, 823.0, 808.0, 844.0, 486.0, 147.0, 661.0, 725.0, 704.0, 126.0, 543.0, 319.0, 876.0, 1006.0, 353.0, 221.0, 50.0, 184.0, 246.0, 485.0, 498.0, 893.0, 483.0, 222.0, 599.0, 891.0, 319.0, 373.0, 582.0, 992.0, 332.0, 872.0, 407.0, 818.0, 777.0, 530.0, 115.0, 631.0, 566.0, 355.0, 238.0, 685.0, 540.0, 406.0, 458.0, 1082.0, 540.0, 1029.0, 913.0, 810.0, 636.0, 750.0, 813.0, 758.0, 632.0, 182.0, 151.0, 670.0, 331.0, 713.0, 705.0, 576.0, 680.0, 720.0, 888.0, 332.0, 273.0, 841.0, 853.0, 605.0, 764.0, 389.0, 564.0, 638.0, 563.0, 415.0], [1050.0, 87.0, 734.0, 880.0, 673.0, 537.0, 672.0, 1014.0, 944.0, 694.0, 555.0, 1000.0, 847.0, 1013.0, 966.0, 298.0, 877.0, 1125.0, 694.0, 852.0, 920.0, 739.0, 0.0, 796.0, 797.0, 904.0, 708.0, 570.0, 300.0, 866.0, 206.0, 900.0, 733.0, 643.0, 250.0, 556.0, 601.0, 849.0, 468.0, 649.0, 734.0, 732.0, 767.0, 260.0, 268.0, 715.0, 521.0, 918.0, 887.0, 718.0, 928.0, 384.0, 528.0, 789.0, 575.0, 690.0, 476.0, 283.0, 452.0, 1034.0, 630.0, 1076.0, 945.0, 680.0, 861.0, 294.0, 906.0, 1036.0, 953.0, 933.0, 1122.0, 910.0, 743.0, 867.0, 905.0, 324.0, 496.0, 848.0, 579.0, 845.0, 778.0, 936.0, 958.0, 182.0, 974.0, 942.0, 1066.0, 199.0, 161.0, 907.0, 776.0, 741.0, 498.0, 418.0, 461.0, 460.0, 937.0, 349.0, 569.0, 333.0], [759.0, 873.0, 816.0, 904.0, 298.0, 827.0, 140.0, 704.0, 1058.0, 903.0, 350.0, 968.0, 734.0, 943.0, 783.0, 680.0, 1183.0, 844.0, 1131.0, 1007.0, 852.0, 223.0, 796.0, 0.0, 66.0, 1041.0, 1008.0, 1021.0, 502.0, 317.0, 773.0, 946.0, 914.0, 193.0, 559.0, 510.0, 1054.0, 1207.0, 334.0, 148.0, 174.0, 68.0, 45.0, 538.0, 603.0, 1087.0, 671.0, 394.0, 822.0, 1086.0, 519.0, 492.0, 769.0, 1187.0, 247.0, 1065.0, 581.0, 939.0, 939.0, 738.0, 288.0, 844.0, 787.0, 571.0, 445.0, 820.0, 762.0, 588.0, 672.0, 1286.0, 728.0, 1236.0, 1109.0, 1026.0, 859.0, 887.0, 979.0, 975.0, 825.0, 385.0, 370.0, 892.0, 523.0, 819.0, 928.0, 798.0, 898.0, 830.0, 955.0, 541.0, 495.0, 1043.0, 1015.0, 770.0, 928.0, 355.0, 785.0, 787.0, 758.0, 467.0], [825.0, 870.0, 869.0, 962.0, 354.0, 869.0, 178.0, 770.0, 1115.0, 952.0, 392.0, 1029.0, 794.0, 1005.0, 847.0, 705.0, 1231.0, 910.0, 1171.0, 1061.0, 913.0, 284.0, 797.0, 66.0, 0.0, 1096.0, 1054.0, 1058.0, 499.0, 383.0, 791.0, 1003.0, 965.0, 235.0, 554.0, 557.0, 1092.0, 1253.0, 329.0, 157.0, 235.0, 109.0, 42.0, 544.0, 622.0, 1130.0, 715.0, 460.0, 882.0, 1130.0, 585.0, 519.0, 811.0, 1231.0, 229.0, 1108.0, 621.0, 958.0, 971.0, 803.0, 338.0, 909.0, 850.0, 627.0, 510.0, 844.0, 824.0, 653.0, 737.0, 1334.0, 794.0, 1284.0, 1153.0, 1080.0, 919.0, 912.0, 1013.0, 1029.0, 870.0, 450.0, 433.0, 953.0, 589.0, 834.0, 989.0, 860.0, 962.0, 847.0, 958.0, 606.0, 557.0, 1089.0, 1048.0, 804.0, 962.0, 343.0, 848.0, 816.0, 803.0, 476.0], [512.0, 967.0, 230.0, 161.0, 743.0, 367.0, 925.0, 531.0, 42.0, 210.0, 724.0, 209.0, 343.0, 254.0, 387.0, 628.0, 227.0, 516.0, 382.0, 52.0, 258.0, 823.0, 904.0, 1041.0, 1096.0, 0.0, 230.0, 417.0, 925.0, 801.0, 698.0, 123.0, 173.0, 868.0, 941.0, 556.0, 411.0, 296.0, 952.0, 976.0, 868.0, 988.0, 1055.0, 846.0, 714.0, 299.0, 442.0, 769.0, 267.0, 294.0, 645.0, 700.0, 387.0, 338.0, 1026.0, 306.0, 538.0, 698.0, 494.0, 517.0, 761.0, 450.0, 360.0, 470.0, 669.0, 615.0, 354.0, 689.0, 501.0, 329.0, 643.0, 273.0, 289.0, 39.0, 236.0, 610.0, 472.0, 68.0, 328.0, 718.0, 695.0, 224.0, 671.0, 730.0, 224.0, 345.0, 376.0, 717.0, 933.0, 604.0, 567.0, 218.0, 503.0, 488.0, 477.0, 985.0, 355.0, 555.0, 358.0, 841.0], [656.0, 763.0, 247.0, 311.0, 718.0, 203.0, 877.0, 658.0, 272.0, 119.0, 663.0, 411.0, 436.0, 449.0, 527.0, 464.0, 187.0, 684.0, 179.0, 185.0, 408.0, 808.0, 708.0, 1008.0, 1054.0, 230.0, 0.0, 187.0, 785.0, 827.0, 505.0, 299.0, 137.0, 819.0, 789.0, 498.0, 183.0, 199.0, 848.0, 914.0, 845.0, 947.0, 1012.0, 700.0, 562.0, 98.0, 341.0, 817.0, 397.0, 95.0, 718.0, 585.0, 251.0, 188.0, 939.0, 91.0, 440.0, 478.0, 272.0, 653.0, 720.0, 618.0, 497.0, 467.0, 715.0, 414.0, 475.0, 790.0, 611.0, 281.0, 781.0, 235.0, 109.0, 192.0, 382.0, 396.0, 245.0, 207.0, 187.0, 751.0, 709.0, 391.0, 750.0, 528.0, 410.0, 484.0, 558.0, 513.0, 718.0, 677.0, 598.0, 37.0, 273.0, 315.0, 258.0, 876.0, 490.0, 366.0, 251.0, 712.0], [803.0, 612.0, 382.0, 483.0, 751.0, 209.0, 882.0, 796.0, 458.0, 261.0, 671.0, 591.0, 573.0, 625.0, 679.0, 385.0, 314.0, 844.0, 129.0, 371.0, 571.0, 844.0, 570.0, 1021.0, 1058.0, 417.0, 187.0, 0.0, 708.0, 894.0, 382.0, 477.0, 296.0, 828.0, 699.0, 526.0, 36.0, 279.0, 805.0, 907.0, 873.0, 955.0, 1016.0, 622.0, 487.0, 149.0, 363.0, 900.0, 553.0, 153.0, 823.0, 549.0, 266.0, 220.0, 907.0, 128.0, 441.0, 310.0, 119.0, 798.0, 741.0, 779.0, 649.0, 544.0, 802.0, 287.0, 621.0, 908.0, 743.0, 363.0, 922.0, 342.0, 177.0, 379.0, 546.0, 246.0, 74.0, 390.0, 233.0, 827.0, 775.0, 561.0, 856.0, 389.0, 585.0, 638.0, 727.0, 372.0, 553.0, 784.0, 682.0, 204.0, 89.0, 255.0, 115.0, 826.0, 641.0, 268.0, 298.0, 652.0], [914.0, 372.0, 710.0, 850.0, 442.0, 583.0, 389.0, 868.0, 958.0, 724.0, 337.0, 958.0, 756.0, 957.0, 862.0, 326.0, 971.0, 998.0, 836.0, 876.0, 856.0, 486.0, 300.0, 502.0, 499.0, 925.0, 785.0, 708.0, 0.0, 628.0, 350.0, 881.0, 756.0, 372.0, 58.0, 424.0, 743.0, 965.0, 170.0, 355.0, 468.0, 441.0, 471.0, 86.0, 224.0, 827.0, 485.0, 693.0, 820.0, 828.0, 739.0, 234.0, 545.0, 920.0, 275.0, 802.0, 395.0, 508.0, 595.0, 894.0, 393.0, 963.0, 848.0, 560.0, 661.0, 432.0, 810.0, 845.0, 811.0, 1052.0, 955.0, 1016.0, 855.0, 894.0, 848.0, 494.0, 643.0, 859.0, 609.0, 628.0, 566.0, 883.0, 764.0, 377.0, 924.0, 850.0, 977.0, 393.0, 461.0, 730.0, 607.0, 822.0, 664.0, 472.0, 595.0, 160.0, 842.0, 440.0, 567.0, 94.0], [446.0, 953.0, 597.0, 648.0, 193.0, 686.0, 291.0, 391.0, 809.0, 710.0, 311.0, 689.0, 465.0, 657.0, 487.0, 646.0, 979.0, 529.0, 981.0, 777.0, 577.0, 147.0, 866.0, 317.0, 383.0, 801.0, 827.0, 894.0, 628.0, 0.0, 766.0, 690.0, 708.0, 273.0, 684.0, 379.0, 922.0, 1019.0, 500.0, 361.0, 185.0, 304.0, 354.0, 619.0, 612.0, 919.0, 533.0, 79.0, 551.0, 917.0, 205.0, 487.0, 628.0, 1015.0, 476.0, 902.0, 478.0, 913.0, 843.0, 425.0, 238.0, 534.0, 496.0, 360.0, 141.0, 776.0, 478.0, 272.0, 366.0, 1088.0, 412.0, 1033.0, 936.0, 794.0, 589.0, 837.0, 874.0, 740.0, 667.0, 84.0, 120.0, 618.0, 206.0, 819.0, 649.0, 509.0, 595.0, 824.0, 1008.0, 232.0, 235.0, 857.0, 916.0, 675.0, 828.0, 537.0, 496.0, 720.0, 599.0, 551.0], [878.0, 274.0, 534.0, 680.0, 579.0, 332.0, 636.0, 848.0, 738.0, 488.0, 465.0, 800.0, 663.0, 815.0, 784.0, 125.0, 679.0, 947.0, 510.0, 646.0, 726.0, 661.0, 206.0, 773.0, 791.0, 698.0, 505.0, 382.0, 350.0, 766.0, 0.0, 698.0, 528.0, 593.0, 328.0, 410.0, 415.0, 657.0, 485.0, 634.0, 669.0, 705.0, 755.0, 270.0, 170.0, 520.0, 335.0, 805.0, 695.0, 522.0, 787.0, 290.0, 326.0, 602.0, 596.0, 495.0, 315.0, 167.0, 263.0, 864.0, 546.0, 895.0, 760.0, 516.0, 732.0, 95.0, 722.0, 894.0, 787.0, 743.0, 963.0, 716.0, 548.0, 661.0, 709.0, 146.0, 310.0, 643.0, 374.0, 728.0, 662.0, 739.0, 820.0, 54.0, 776.0, 756.0, 877.0, 59.0, 271.0, 761.0, 631.0, 539.0, 323.0, 214.0, 268.0, 494.0, 752.0, 143.0, 370.0, 324.0], [391.0, 971.0, 172.0, 42.0, 650.0, 371.0, 836.0, 409.0, 120.0, 226.0, 646.0, 114.0, 227.0, 151.0, 264.0, 610.0, 346.0, 400.0, 471.0, 129.0, 135.0, 725.0, 900.0, 946.0, 1003.0, 123.0, 299.0, 477.0, 881.0, 690.0, 698.0, 0.0, 186.0, 781.0, 904.0, 484.0, 480.0, 410.0, 888.0, 892.0, 771.0, 896.0, 962.0, 807.0, 683.0, 386.0, 400.0, 654.0, 146.0, 382.0, 526.0, 649.0, 372.0, 444.0, 952.0, 387.0, 487.0, 726.0, 531.0, 394.0, 673.0, 333.0, 237.0, 379.0, 555.0, 624.0, 232.0, 567.0, 379.0, 450.0, 521.0, 394.0, 383.0, 136.0, 113.0, 633.0, 519.0, 94.0, 326.0, 607.0, 589.0, 104.0, 551.0, 737.0, 113.0, 222.0, 265.0, 725.0, 950.0, 485.0, 460.0, 300.0, 557.0, 484.0, 513.0, 923.0, 232.0, 557.0, 332.0, 792.0], [520.0, 799.0, 115.0, 187.0, 617.0, 196.0, 789.0, 521.0, 211.0, 41.0, 580.0, 299.0, 300.0, 331.0, 392.0, 456.0, 272.0, 552.0, 315.0, 121.0, 276.0, 704.0, 733.0, 914.0, 965.0, 173.0, 137.0, 296.0, 756.0, 708.0, 528.0, 186.0, 0.0, 731.0, 770.0, 410.0, 304.0, 311.0, 793.0, 834.0, 745.0, 856.0, 922.0, 675.0, 542.0, 235.0, 277.0, 692.0, 262.0, 231.0, 587.0, 536.0, 214.0, 318.0, 873.0, 227.0, 376.0, 542.0, 346.0, 517.0, 627.0, 486.0, 362.0, 353.0, 589.0, 448.0, 339.0, 655.0, 475.0, 380.0, 645.0, 326.0, 242.0, 139.0, 251.0, 451.0, 334.0, 115.0, 156.0, 629.0, 593.0, 265.0, 617.0, 563.0, 290.0, 350.0, 432.0, 550.0, 772.0, 546.0, 475.0, 156.0, 372.0, 316.0, 327.0, 824.0, 354.0, 385.0, 189.0, 674.0], [657.0, 725.0, 639.0, 741.0, 140.0, 635.0, 57.0, 604.0, 889.0, 717.0, 158.0, 818.0, 584.0, 798.0, 653.0, 492.0, 997.0, 745.0, 938.0, 831.0, 701.0, 126.0, 643.0, 193.0, 235.0, 868.0, 819.0, 828.0, 372.0, 273.0, 593.0, 781.0, 731.0, 0.0, 430.0, 323.0, 861.0, 1019.0, 228.0, 114.0, 97.0, 128.0, 192.0, 384.0, 423.0, 896.0, 480.0, 348.0, 669.0, 895.0, 435.0, 305.0, 577.0, 996.0, 211.0, 873.0, 388.0, 756.0, 746.0, 636.0, 108.0, 731.0, 651.0, 402.0, 352.0, 632.0, 621.0, 528.0, 560.0, 1099.0, 659.0, 1050.0, 919.0, 849.0, 705.0, 699.0, 786.0, 801.0, 635.0, 301.0, 256.0, 740.0, 450.0, 641.0, 778.0, 660.0, 772.0, 651.0, 797.0, 442.0, 358.0, 854.0, 823.0, 576.0, 736.0, 264.0, 648.0, 596.0, 568.0, 311.0], [957.0, 317.0, 732.0, 875.0, 497.0, 590.0, 448.0, 912.0, 976.0, 737.0, 388.0, 986.0, 791.0, 987.0, 900.0, 326.0, 974.0, 1040.0, 828.0, 891.0, 887.0, 543.0, 250.0, 559.0, 554.0, 941.0, 789.0, 699.0, 58.0, 684.0, 328.0, 904.0, 770.0, 430.0, 0.0, 461.0, 734.0, 964.0, 226.0, 412.0, 526.0, 499.0, 527.0, 97.0, 229.0, 825.0, 505.0, 748.0, 852.0, 826.0, 789.0, 268.0, 557.0, 915.0, 328.0, 799.0, 421.0, 478.0, 584.0, 938.0, 448.0, 1003.0, 884.0, 597.0, 712.0, 417.0, 846.0, 896.0, 855.0, 1050.0, 1004.0, 1016.0, 853.0, 909.0, 878.0, 475.0, 632.0, 877.0, 620.0, 682.0, 618.0, 913.0, 815.0, 348.0, 953.0, 886.0, 1013.0, 365.0, 410.0, 778.0, 654.0, 825.0, 649.0, 474.0, 585.0, 212.0, 878.0, 434.0, 583.0, 139.0], [502.0, 642.0, 326.0, 448.0, 226.0, 322.0, 380.0, 461.0, 582.0, 395.0, 169.0, 545.0, 332.0, 538.0, 438.0, 285.0, 674.0, 582.0, 627.0, 515.0, 437.0, 319.0, 556.0, 510.0, 557.0, 556.0, 498.0, 526.0, 424.0, 379.0, 410.0, 484.0, 410.0, 323.0, 461.0, 0.0, 557.0, 697.0, 404.0, 423.0, 350.0, 449.0, 515.0, 367.0, 289.0, 578.0, 164.0, 403.0, 401.0, 577.0, 378.0, 194.0, 263.0, 678.0, 470.0, 556.0, 100.0, 542.0, 466.0, 484.0, 223.0, 543.0, 424.0, 136.0, 323.0, 403.0, 386.0, 485.0, 401.0, 777.0, 566.0, 727.0, 599.0, 534.0, 432.0, 460.0, 498.0, 488.0, 316.0, 326.0, 264.0, 468.0, 410.0, 464.0, 509.0, 426.0, 553.0, 465.0, 673.0, 354.0, 222.0, 532.0, 540.0, 296.0, 451.0, 441.0, 418.0, 343.0, 248.0, 330.0], [817.0, 640.0, 397.0, 488.0, 783.0, 237.0, 916.0, 812.0, 452.0, 271.0, 704.0, 593.0, 589.0, 629.0, 691.0, 421.0, 290.0, 854.0, 94.0, 368.0, 579.0, 876.0, 601.0, 1054.0, 1092.0, 411.0, 183.0, 36.0, 743.0, 922.0, 415.0, 480.0, 304.0, 861.0, 734.0, 557.0, 0.0, 250.0, 841.0, 941.0, 905.0, 988.0, 1050.0, 658.0, 523.0, 128.0, 393.0, 926.0, 564.0, 132.0, 846.0, 584.0, 296.0, 188.0, 943.0, 110.0, 474.0, 336.0, 152.0, 812.0, 774.0, 789.0, 661.0, 569.0, 828.0, 321.0, 635.0, 929.0, 761.0, 332.0, 938.0, 315.0, 153.0, 374.0, 555.0, 278.0, 106.0, 390.0, 258.0, 854.0, 803.0, 568.0, 878.0, 421.0, 590.0, 650.0, 735.0, 403.0, 578.0, 807.0, 708.0, 194.0, 109.0, 290.0, 150.0, 861.0, 654.0, 303.0, 324.0, 688.0], [798.0, 891.0, 425.0, 439.0, 916.0, 394.0, 1076.0, 810.0, 324.0, 310.0, 862.0, 504.0, 600.0, 550.0, 669.0, 640.0, 74.0, 810.0, 165.0, 282.0, 541.0, 1006.0, 849.0, 1207.0, 1253.0, 296.0, 199.0, 279.0, 965.0, 1019.0, 657.0, 410.0, 311.0, 1019.0, 964.0, 697.0, 250.0, 0.0, 1041.0, 1113.0, 1043.0, 1146.0, 1211.0, 880.0, 741.0, 139.0, 540.0, 1003.0, 541.0, 137.0, 896.0, 778.0, 447.0, 71.0, 1134.0, 164.0, 637.0, 586.0, 397.0, 800.0, 919.0, 743.0, 641.0, 661.0, 901.0, 562.0, 627.0, 957.0, 771.0, 87.0, 928.0, 67.0, 111.0, 274.0, 517.0, 526.0, 353.0, 320.0, 385.0, 940.0, 903.0, 513.0, 925.0, 668.0, 518.0, 626.0, 671.0, 651.0, 827.0, 854.0, 786.0, 165.0, 359.0, 494.0, 390.0, 1066.0, 634.0, 530.0, 450.0, 899.0], [847.0, 542.0, 725.0, 852.0, 335.0, 647.0, 231.0, 796.0, 981.0, 768.0, 261.0, 948.0, 726.0, 938.0, 817.0, 424.0, 1035.0, 934.0, 929.0, 907.0, 837.0, 353.0, 468.0, 334.0, 329.0, 952.0, 848.0, 805.0, 170.0, 500.0, 485.0, 888.0, 793.0, 228.0, 226.0, 404.0, 841.0, 1041.0, 0.0, 187.0, 323.0, 275.0, 301.0, 221.0, 327.0, 906.0, 517.0, 572.0, 802.0, 907.0, 643.0, 263.0, 598.0, 1004.0, 112.0, 881.0, 417.0, 651.0, 702.0, 826.0, 286.0, 909.0, 809.0, 527.0, 561.0, 553.0, 774.0, 744.0, 745.0, 1126.0, 867.0, 1084.0, 933.0, 926.0, 834.0, 620.0, 748.0, 884.0, 663.0, 518.0, 463.0, 870.0, 664.0, 522.0, 911.0, 814.0, 937.0, 536.0, 629.0, 643.0, 536.0, 885.0, 776.0, 553.0, 697.0, 40.0, 804.0, 542.0, 608.0, 162.0], [768.0, 725.0, 745.0, 852.0, 254.0, 723.0, 71.0, 713.0, 998.0, 817.0, 254.0, 931.0, 697.0, 912.0, 767.0, 548.0, 1095.0, 855.0, 1023.0, 936.0, 815.0, 221.0, 649.0, 148.0, 157.0, 976.0, 914.0, 907.0, 355.0, 361.0, 634.0, 892.0, 834.0, 114.0, 412.0, 423.0, 941.0, 1113.0, 187.0, 0.0, 176.0, 88.0, 121.0, 392.0, 465.0, 986.0, 573.0, 439.0, 782.0, 986.0, 540.0, 363.0, 667.0, 1086.0, 119.0, 963.0, 476.0, 801.0, 817.0, 746.0, 220.0, 843.0, 765.0, 513.0, 458.0, 687.0, 735.0, 627.0, 671.0, 1195.0, 762.0, 1147.0, 1010.0, 955.0, 818.0, 755.0, 859.0, 908.0, 728.0, 403.0, 365.0, 853.0, 552.0, 678.0, 891.0, 774.0, 886.0, 690.0, 808.0, 550.0, 472.0, 950.0, 893.0, 652.0, 808.0, 212.0, 762.0, 660.0, 663.0, 322.0], [601.0, 817.0, 644.0, 730.0, 128.0, 672.0, 106.0, 546.0, 884.0, 736.0, 209.0, 795.0, 560.0, 770.0, 614.0, 561.0, 1015.0, 688.0, 977.0, 835.0, 678.0, 50.0, 734.0, 174.0, 235.0, 868.0, 845.0, 873.0, 468.0, 185.0, 669.0, 771.0, 745.0, 97.0, 526.0, 350.0, 905.0, 1043.0, 323.0, 176.0, 0.0, 134.0, 196.0, 476.0, 502.0, 927.0, 514.0, 263.0, 648.0, 926.0, 367.0, 379.0, 613.0, 1027.0, 291.0, 906.0, 432.0, 830.0, 800.0, 579.0, 132.0, 681.0, 616.0, 398.0, 287.0, 700.0, 590.0, 451.0, 509.0, 1121.0, 587.0, 1069.0, 948.0, 853.0, 685.0, 766.0, 838.0, 802.0, 666.0, 230.0, 201.0, 718.0, 378.0, 720.0, 754.0, 626.0, 731.0, 728.0, 885.0, 382.0, 323.0, 878.0, 877.0, 629.0, 788.0, 358.0, 614.0, 657.0, 597.0, 404.0], [734.0, 810.0, 761.0, 855.0, 247.0, 763.0, 73.0, 679.0, 1007.0, 843.0, 286.0, 925.0, 690.0, 902.0, 747.0, 611.0, 1123.0, 820.0, 1066.0, 952.0, 808.0, 184.0, 732.0, 68.0, 109.0, 988.0, 947.0, 955.0, 441.0, 304.0, 705.0, 896.0, 856.0, 128.0, 499.0, 449.0, 988.0, 1146.0, 275.0, 88.0, 134.0, 0.0, 66.0, 473.0, 535.0, 1024.0, 608.0, 384.0, 777.0, 1023.0, 498.0, 424.0, 705.0, 1124.0, 201.0, 1001.0, 516.0, 871.0, 871.0, 712.0, 229.0, 815.0, 749.0, 519.0, 419.0, 751.0, 722.0, 576.0, 643.0, 1226.0, 714.0, 1176.0, 1046.0, 971.0, 814.0, 819.0, 912.0, 921.0, 763.0, 361.0, 335.0, 848.0, 506.0, 751.0, 885.0, 759.0, 864.0, 762.0, 890.0, 515.0, 455.0, 982.0, 948.0, 703.0, 861.0, 300.0, 747.0, 719.0, 696.0, 401.0], [791.0, 842.0, 827.0, 921.0, 313.0, 826.0, 135.0, 736.0, 1073.0, 909.0, 350.0, 990.0, 755.0, 966.0, 809.0, 666.0, 1189.0, 877.0, 1129.0, 1019.0, 873.0, 246.0, 767.0, 45.0, 42.0, 1055.0, 1012.0, 1016.0, 471.0, 354.0, 755.0, 962.0, 922.0, 192.0, 527.0, 515.0, 1050.0, 1211.0, 301.0, 121.0, 196.0, 66.0, 0.0, 512.0, 585.0, 1088.0, 672.0, 432.0, 842.0, 1087.0, 553.0, 479.0, 769.0, 1188.0, 208.0, 1065.0, 579.0, 921.0, 930.0, 770.0, 295.0, 874.0, 812.0, 585.0, 476.0, 805.0, 785.0, 625.0, 702.0, 1291.0, 765.0, 1242.0, 1111.0, 1038.0, 879.0, 873.0, 972.0, 988.0, 827.0, 417.0, 396.0, 913.0, 559.0, 798.0, 949.0, 822.0, 926.0, 810.0, 927.0, 572.0, 518.0, 1047.0, 1007.0, 763.0, 921.0, 319.0, 810.0, 776.0, 761.0, 442.0], [866.0, 342.0, 635.0, 778.0, 427.0, 499.0, 412.0, 823.0, 880.0, 643.0, 313.0, 889.0, 695.0, 890.0, 805.0, 240.0, 886.0, 948.0, 750.0, 796.0, 790.0, 485.0, 260.0, 538.0, 544.0, 846.0, 700.0, 622.0, 86.0, 619.0, 270.0, 807.0, 675.0, 384.0, 97.0, 367.0, 658.0, 880.0, 221.0, 392.0, 476.0, 473.0, 512.0, 0.0, 139.0, 741.0, 408.0, 678.0, 755.0, 743.0, 708.0, 173.0, 463.0, 834.0, 333.0, 716.0, 324.0, 433.0, 510.0, 848.0, 381.0, 910.0, 789.0, 503.0, 634.0, 349.0, 751.0, 816.0, 764.0, 967.0, 918.0, 930.0, 769.0, 814.0, 781.0, 412.0, 558.0, 781.0, 527.0, 608.0, 543.0, 815.0, 735.0, 302.0, 856.0, 790.0, 917.0, 318.0, 417.0, 694.0, 567.0, 737.0, 580.0, 387.0, 509.0, 225.0, 783.0, 355.0, 488.0, 73.0], [787.0, 355.0, 511.0, 657.0, 420.0, 361.0, 466.0, 749.0, 749.0, 508.0, 303.0, 772.0, 594.0, 777.0, 710.0, 102.0, 747.0, 864.0, 614.0, 663.0, 679.0, 498.0, 268.0, 603.0, 622.0, 714.0, 562.0, 487.0, 224.0, 612.0, 170.0, 683.0, 542.0, 423.0, 229.0, 289.0, 523.0, 741.0, 327.0, 465.0, 502.0, 535.0, 585.0, 139.0, 0.0, 603.0, 285.0, 658.0, 645.0, 604.0, 660.0, 126.0, 328.0, 696.0, 435.0, 577.0, 217.0, 336.0, 378.0, 770.0, 383.0, 819.0, 691.0, 417.0, 595.0, 227.0, 653.0, 769.0, 688.0, 828.0, 855.0, 791.0, 631.0, 681.0, 667.0, 294.0, 425.0, 650.0, 391.0, 583.0, 516.0, 701.0, 691.0, 218.0, 741.0, 691.0, 817.0, 228.0, 397.0, 639.0, 508.0, 598.0, 451.0, 248.0, 375.0, 342.0, 684.0, 219.0, 357.0, 168.0], [753.0, 760.0, 345.0, 404.0, 801.0, 263.0, 952.0, 756.0, 338.0, 217.0, 738.0, 496.0, 535.0, 536.0, 624.0, 501.0, 165.0, 779.0, 84.0, 263.0, 502.0, 893.0, 715.0, 1087.0, 1130.0, 299.0, 98.0, 149.0, 827.0, 919.0, 520.0, 386.0, 235.0, 896.0, 825.0, 578.0, 128.0, 139.0, 906.0, 986.0, 927.0, 1024.0, 1088.0, 741.0, 603.0, 0.0, 416.0, 912.0, 493.0, 5.0, 816.0, 644.0, 319.0, 100.0, 1002.0, 25.0, 510.0, 459.0, 263.0, 751.0, 800.0, 712.0, 594.0, 559.0, 810.0, 425.0, 572.0, 888.0, 710.0, 226.0, 879.0, 196.0, 29.0, 265.0, 477.0, 392.0, 222.0, 292.0, 262.0, 844.0, 801.0, 483.0, 847.0, 533.0, 499.0, 581.0, 650.0, 516.0, 702.0, 775.0, 692.0, 86.0, 236.0, 356.0, 253.0, 930.0, 586.0, 391.0, 330.0, 762.0], [546.0, 601.0, 227.0, 372.0, 390.0, 158.0, 537.0, 519.0, 474.0, 251.0, 323.0, 487.0, 329.0, 495.0, 449.0, 223.0, 524.0, 613.0, 462.0, 394.0, 399.0, 483.0, 521.0, 671.0, 715.0, 442.0, 341.0, 363.0, 485.0, 533.0, 335.0, 400.0, 277.0, 480.0, 505.0, 164.0, 393.0, 540.0, 517.0, 573.0, 514.0, 608.0, 672.0, 408.0, 285.0, 416.0, 0.0, 546.0, 366.0, 415.0, 490.0, 259.0, 99.0, 516.0, 601.0, 394.0, 100.0, 428.0, 313.0, 533.0, 385.0, 560.0, 426.0, 202.0, 454.0, 293.0, 388.0, 589.0, 459.0, 622.0, 639.0, 575.0, 439.0, 413.0, 386.0, 336.0, 341.0, 375.0, 155.0, 470.0, 414.0, 418.0, 524.0, 384.0, 458.0, 422.0, 545.0, 379.0, 605.0, 457.0, 337.0, 377.0, 383.0, 155.0, 297.0, 548.0, 418.0, 222.0, 92.0, 399.0], [377.0, 1006.0, 578.0, 612.0, 251.0, 691.0, 369.0, 323.0, 773.0, 698.0, 366.0, 641.0, 427.0, 605.0, 432.0, 682.0, 959.0, 457.0, 978.0, 750.0, 532.0, 222.0, 918.0, 394.0, 460.0, 769.0, 817.0, 900.0, 693.0, 79.0, 805.0, 654.0, 692.0, 348.0, 748.0, 403.0, 926.0, 1003.0, 572.0, 439.0, 263.0, 384.0, 432.0, 678.0, 658.0, 912.0, 546.0, 0.0, 511.0, 909.0, 140.0, 535.0, 636.0, 1005.0, 554.0, 896.0, 504.0, 945.0, 859.0, 357.0, 300.0, 468.0, 445.0, 357.0, 103.0, 806.0, 432.0, 193.0, 307.0, 1068.0, 334.0, 1012.0, 926.0, 766.0, 547.0, 864.0, 885.0, 712.0, 668.0, 77.0, 143.0, 574.0, 133.0, 859.0, 602.0, 459.0, 534.0, 862.0, 1055.0, 175.0, 220.0, 844.0, 929.0, 694.0, 843.0, 610.0, 446.0, 746.0, 602.0, 612.0], [260.0, 965.0, 177.0, 107.0, 532.0, 398.0, 722.0, 269.0, 265.0, 293.0, 547.0, 149.0, 88.0, 137.0, 130.0, 589.0, 482.0, 290.0, 575.0, 262.0, 35.0, 599.0, 887.0, 822.0, 882.0, 267.0, 397.0, 553.0, 820.0, 551.0, 695.0, 146.0, 262.0, 669.0, 852.0, 401.0, 564.0, 541.0, 802.0, 782.0, 648.0, 777.0, 842.0, 755.0, 645.0, 493.0, 366.0, 511.0, 0.0, 489.0, 381.0, 586.0, 376.0, 565.0, 854.0, 488.0, 432.0, 756.0, 580.0, 260.0, 561.0, 225.0, 101.0, 275.0, 413.0, 636.0, 87.0, 422.0, 234.0, 589.0, 388.0, 533.0, 496.0, 274.0, 38.0, 660.0, 580.0, 223.0, 353.0, 468.0, 457.0, 71.0, 405.0, 741.0, 110.0, 88.0, 185.0, 733.0, 961.0, 340.0, 328.0, 409.0, 621.0, 489.0, 561.0, 840.0, 94.0, 565.0, 329.0, 727.0], [749.0, 763.0, 342.0, 399.0, 800.0, 263.0, 952.0, 752.0, 334.0, 214.0, 738.0, 491.0, 531.0, 532.0, 620.0, 503.0, 161.0, 775.0, 89.0, 259.0, 498.0, 891.0, 718.0, 1086.0, 1130.0, 294.0, 95.0, 153.0, 828.0, 917.0, 522.0, 382.0, 231.0, 895.0, 826.0, 577.0, 132.0, 137.0, 907.0, 986.0, 926.0, 1023.0, 1087.0, 743.0, 604.0, 5.0, 415.0, 909.0, 489.0, 0.0, 813.0, 644.0, 318.0, 101.0, 1002.0, 28.0, 510.0, 463.0, 266.0, 747.0, 799.0, 708.0, 590.0, 557.0, 808.0, 428.0, 569.0, 885.0, 706.0, 224.0, 875.0, 193.0, 27.0, 260.0, 473.0, 395.0, 226.0, 288.0, 261.0, 842.0, 799.0, 479.0, 844.0, 536.0, 495.0, 577.0, 645.0, 519.0, 706.0, 772.0, 690.0, 82.0, 240.0, 357.0, 256.0, 931.0, 583.0, 393.0, 329.0, 763.0], [241.0, 1015.0, 473.0, 486.0, 308.0, 619.0, 469.0, 186.0, 646.0, 599.0, 402.0, 505.0, 303.0, 468.0, 293.0, 662.0, 846.0, 325.0, 888.0, 631.0, 400.0, 319.0, 928.0, 519.0, 585.0, 645.0, 718.0, 823.0, 739.0, 205.0, 787.0, 526.0, 587.0, 435.0, 789.0, 378.0, 846.0, 896.0, 643.0, 540.0, 367.0, 498.0, 553.0, 708.0, 660.0, 816.0, 490.0, 140.0, 381.0, 813.0, 0.0, 546.0, 568.0, 904.0, 646.0, 802.0, 473.0, 911.0, 798.0, 220.0, 357.0, 329.0, 308.0, 288.0, 83.0, 772.0, 298.0, 109.0, 167.0, 955.0, 225.0, 899.0, 827.0, 646.0, 417.0, 823.0, 819.0, 592.0, 589.0, 137.0, 181.0, 441.0, 34.0, 842.0, 466.0, 322.0, 394.0, 842.0, 1051.0, 42.0, 157.0, 742.0, 863.0, 645.0, 781.0, 683.0, 310.0, 706.0, 528.0, 650.0], [694.0, 472.0, 480.0, 617.0, 295.0, 384.0, 353.0, 652.0, 732.0, 509.0, 178.0, 724.0, 523.0, 722.0, 632.0, 187.0, 772.0, 776.0, 670.0, 653.0, 621.0, 373.0, 384.0, 492.0, 519.0, 700.0, 585.0, 549.0, 234.0, 487.0, 290.0, 649.0, 536.0, 305.0, 268.0, 194.0, 584.0, 778.0, 263.0, 363.0, 379.0, 424.0, 479.0, 173.0, 126.0, 644.0, 259.0, 535.0, 586.0, 644.0, 546.0, 0.0, 335.0, 742.0, 359.0, 619.0, 163.0, 452.0, 454.0, 676.0, 258.0, 737.0, 617.0, 330.0, 478.0, 327.0, 579.0, 655.0, 593.0, 863.0, 750.0, 821.0, 670.0, 672.0, 614.0, 395.0, 498.0, 634.0, 400.0, 461.0, 394.0, 649.0, 576.0, 341.0, 690.0, 618.0, 745.0, 349.0, 521.0, 529.0, 400.0, 622.0, 530.0, 294.0, 446.0, 291.0, 610.0, 297.0, 348.0, 143.0], [591.0, 600.0, 208.0, 353.0, 489.0, 59.0, 634.0, 572.0, 424.0, 180.0, 420.0, 474.0, 361.0, 491.0, 480.0, 242.0, 437.0, 649.0, 363.0, 336.0, 405.0, 582.0, 528.0, 769.0, 811.0, 387.0, 251.0, 266.0, 545.0, 628.0, 326.0, 372.0, 214.0, 577.0, 557.0, 263.0, 296.0, 447.0, 598.0, 667.0, 613.0, 705.0, 769.0, 463.0, 328.0, 319.0, 99.0, 636.0, 376.0, 318.0, 568.0, 335.0, 0.0, 419.0, 688.0, 296.0, 191.0, 382.0, 231.0, 581.0, 484.0, 590.0, 454.0, 282.0, 540.0, 260.0, 418.0, 661.0, 514.0, 531.0, 696.0, 486.0, 343.0, 353.0, 386.0, 286.0, 251.0, 326.0, 65.0, 562.0, 508.0, 415.0, 601.0, 368.0, 451.0, 447.0, 561.0, 359.0, 587.0, 532.0, 421.0, 287.0, 296.0, 114.0, 213.0, 626.0, 445.0, 189.0, 48.0, 467.0], [825.0, 828.0, 432.0, 468.0, 901.0, 363.0, 1053.0, 832.0, 371.0, 307.0, 839.0, 545.0, 616.0, 589.0, 695.0, 594.0, 136.0, 843.0, 97.0, 315.0, 570.0, 992.0, 789.0, 1187.0, 1231.0, 338.0, 188.0, 220.0, 920.0, 1015.0, 602.0, 444.0, 318.0, 996.0, 915.0, 678.0, 188.0, 71.0, 1004.0, 1086.0, 1027.0, 1124.0, 1188.0, 834.0, 696.0, 100.0, 516.0, 1005.0, 565.0, 101.0, 904.0, 742.0, 419.0, 0.0, 1101.0, 124.0, 610.0, 521.0, 339.0, 825.0, 900.0, 776.0, 666.0, 655.0, 903.0, 507.0, 648.0, 972.0, 790.0, 145.0, 953.0, 138.0, 80.0, 311.0, 544.0, 466.0, 293.0, 350.0, 362.0, 939.0, 897.0, 545.0, 935.0, 609.0, 555.0, 652.0, 708.0, 591.0, 761.0, 863.0, 786.0, 162.0, 294.0, 452.0, 334.0, 1028.0, 659.0, 481.0, 430.0, 858.0], [866.0, 645.0, 796.0, 914.0, 345.0, 740.0, 186.0, 813.0, 1051.0, 851.0, 307.0, 1002.0, 773.0, 98