{"Coordinates": [[37.4393516691, 541.2090699418], [612.1759508571, 494.3166877396], [38.1312338227, 353.1484581781], [53.4418081065, 131.484901365], [143.0606355347, 631.7200953923], [689.9451267256, 468.5354998742], [112.7478815786, 529.417757826], [141.4875865042, 504.818485571], [661.0513901702, 445.9375182115], [98.7899036592, 384.5926031158], [697.3881696597, 180.3962284275], [536.4894189738, 287.2279085051], [192.4067320507, 20.439405931], [282.7865258765, 229.8001556189], [240.8251726391, 281.51414372], [246.9281323057, 322.461332116], [649.7313216456, 62.3331575282], [352.96585626, 666.7873101942], [633.392367658, 534.9398453712], [488.311799404, 437.4869439948], [141.4039286509, 228.4325551488], [17.3632612602, 240.2407068508], [397.5586451389, 231.3591208928], [565.7853781464, 282.3858748974], [475.8975387047, 468.5392706317], [322.4224566559, 550.3165478233], [397.5586634023, 74.7588387765], [672.8618339396, 432.882640963], [571.2189680147, 530.261699153], [104.6531165914, 482.8224768783], [356.7098388794, 67.6477131712], [400.4070255527, 253.6794479997], [282.3036243109, 426.8380500923], [58.7766988363, 507.1712386832], [189.75062244, 460.3815233617], [659.9124120147, 226.6284156239], [639.0307636033, 467.2302300719], [415.0258357432, 233.3045376118], [547.2662016307, 161.6589278401], [616.6547902644, 339.3409309407], [494.8592427417, 148.1217856389], [629.9980812186, 433.4548164038], [471.101431241, 314.2219307579], [138.2440514421, 137.1679919735], [91.5847556724, 110.0203007516], [390.6972811808, 423.9774318385], [565.1617825137, 429.1598152874], [54.5248980387, 438.5515408431], [334.350832971, 153.796923804], [531.0291024509, 612.3874827889], [475.7345905802, 385.7844618897], [228.8325218994, 410.4461939615], [578.3805347586, 321.3303494537], [358.9170574485, 404.4670352898], [486.4648554867, 593.0429937016], [343.169370767, 509.3123571315], [530.3626972076, 137.6881275684], [498.8065475299, 576.2102674608], [224.31827155, 312.4677490415], [595.836073259, 81.8130051356], [661.5588724308, 217.0456944477], [43.6892045516, 305.4722789165], [79.465345253, 445.9641737689], [210.4163247004, 130.7151137038], [432.2642292251, 629.4092661116], [623.2487161301, 69.189285084], [436.5194739944, 282.935645607], [59.4163265482, 40.1280234442], [630.9230074073, 230.342988813], [579.3265539688, 601.0359410602], [117.862450748, 112.9796833705], [297.7912565664, 166.3131886803], [22.7642703744, 455.5340094037], [259.7095810385, 10.6199925885], [342.3579873647, 599.3880182608], [10.0260950143, 488.9310558282], [315.2926064118, 273.2275475579], [220.7044919297, 270.0819745721], [192.1186059948, 314.1839922798], [271.5042718992, 225.2921989972], [530.7320005441, 504.0670155337], [42.5331441666, 656.3645162886], [396.1274792588, 539.4648066027], [118.6631474021, 508.7129103929], [395.6913876595, 699.5376048429], [559.0157105844, 560.8866941411], [22.6471035906, 526.2470392816], [135.6377085256, 325.8409901555], [141.4507014379, 485.2477927763], [396.7741299332, 460.7557115283], [87.7494562765, 19.6170129082], [350.4245639661, 420.6531186835], [216.7010817133, 466.4816410995], [130.9237737024, 351.1491733079], [72.6329856671, 645.7852219213], [144.6002949996, 457.4224283926], [212.3725077442, 594.9216893413], [49.9186786455, 541.4350825349], [656.6943525585, 558.1109593509], [176.5941623792, 648.5239953299], [500.3825200226, 198.7428378322], [634.317867842, 612.8291643194], [59.7537372726, 551.6321886765], [15.2145765106, 143.0441928532], [283.0054378872, 376.4439530184], [146.5389000907, 39.4231794338], [101.8685605377, 635.098685018], [588.1968537448, 580.5946976921], [457.2628632528, 350.0164047376], [537.4663680494, 472.5842276692], [269.3669098585, 367.4763636538], [239.9045383695, 102.629765339], [88.4677500396, 384.0507209275], [658.9133693395, 583.9575181023], [97.7359146347, 157.4558657632], [506.6191384007, 233.0022156094], [500.2566898239, 64.9136393489], [594.4048565021, 275.874186899], [66.230814661, 24.1317387604], [598.4162993909, 414.5557574275], [172.308833083, 344.3963466366], [299.48128518, 251.829512132], [303.8379894831, 21.052606379], [197.896926984, 512.388896098], [56.0199567669, 243.0663818382], [255.5566183121, 448.8651882442], [608.4256112402, 222.5421309272], [70.2722703273, 77.9227026433], [398.2298999899, 119.557657386], [635.4970237093, 133.3225902609], [378.3484559418, 272.2907677147], [484.8029663388, 677.0730379436], [278.8710882619, 299.9308770828], [381.6537300653, 360.3337602785], [557.6070707573, 595.3185092281], [249.0589749342, 76.6595112599], [562.9048787838, 670.0382113114], [398.550436558, 392.6493259144], [590.893972056, 370.7414913742], [558.2008003726, 0.4198814512], [461.4114714423, 530.5254969413], [354.7242881504, 685.40453619], [193.6611295657, 669.7432521028], [352.3140807211, 140.3273323662], [308.434570974, 115.2054269847], [299.588137008, 530.588961902], [334.2748764383, 152.1494569394], [690.9658585947, 134.5793307203], [48.0798124069, 270.968067372], [91.6467647724, 166.3541158474]], "Matrix": [[0.0, 577.0, 188.0, 410.0, 139.0, 657.0, 76.0, 110.0, 631.0, 168.0, 752.0, 560.0, 543.0, 396.0, 330.0, 303.0, 777.0, 340.0, 596.0, 463.0, 330.0, 302.0, 475.0, 588.0, 444.0, 285.0, 589.0, 645.0, 534.0, 89.0, 571.0, 463.0, 270.0, 40.0, 172.0, 697.0, 606.0, 487.0, 636.0, 613.0, 603.0, 602.0, 489.0, 416.0, 435.0, 372.0, 539.0, 104.0, 488.0, 499.0, 465.0, 232.0, 584.0, 349.0, 452.0, 307.0, 637.0, 463.0, 295.0, 723.0, 703.0, 236.0, 104.0, 445.0, 405.0, 752.0, 475.0, 502.0, 670.0, 545.0, 436.0, 456.0, 87.0, 575.0, 310.0, 59.0, 386.0, 327.0, 275.0, 393.0, 495.0, 115.0, 359.0, 87.0, 392.0, 522.0, 21.0, 237.0, 118.0, 368.0, 524.0, 335.0, 194.0, 212.0, 110.0, 136.0, 183.0, 12.0, 619.0, 176.0, 576.0, 601.0, 25.0, 399.0, 296.0, 514.0, 114.0, 552.0, 461.0, 505.0, 290.0, 483.0, 165.0, 623.0, 388.0, 561.0, 664.0, 617.0, 518.0, 575.0, 239.0, 390.0, 584.0, 163.0, 299.0, 237.0, 654.0, 464.0, 555.0, 724.0, 434.0, 468.0, 341.0, 389.0, 523.0, 510.0, 541.0, 390.0, 579.0, 751.0, 424.0, 349.0, 202.0, 510.0, 505.0, 262.0, 489.0, 770.0, 270.0, 379.0], [577.0, 0.0, 591.0, 666.0, 489.0, 82.0, 501.0, 471.0, 69.0, 525.0, 325.0, 220.0, 633.0, 422.0, 428.0, 404.0, 434.0, 311.0, 46.0, 136.0, 541.0, 647.0, 339.0, 217.0, 139.0, 295.0, 471.0, 86.0, 54.0, 508.0, 497.0, 321.0, 337.0, 554.0, 424.0, 272.0, 38.0, 327.0, 339.0, 155.0, 366.0, 63.0, 229.0, 593.0, 647.0, 232.0, 80.0, 560.0, 439.0, 143.0, 174.0, 392.0, 176.0, 269.0, 160.0, 269.0, 366.0, 140.0, 428.0, 413.0, 282.0, 599.0, 535.0, 542.0, 225.0, 425.0, 275.0, 715.0, 265.0, 112.0, 624.0, 454.0, 591.0, 598.0, 290.0, 602.0, 370.0, 451.0, 457.0, 434.0, 82.0, 592.0, 221.0, 494.0, 298.0, 85.0, 590.0, 505.0, 471.0, 218.0, 707.0, 272.0, 396.0, 502.0, 560.0, 469.0, 412.0, 564.0, 78.0, 462.0, 316.0, 121.0, 555.0, 693.0, 350.0, 651.0, 529.0, 90.0, 212.0, 78.0, 366.0, 540.0, 535.0, 101.0, 615.0, 282.0, 444.0, 219.0, 721.0, 81.0, 465.0, 396.0, 565.0, 415.0, 610.0, 360.0, 272.0, 683.0, 432.0, 362.0, 322.0, 223.0, 386.0, 267.0, 115.0, 553.0, 182.0, 237.0, 125.0, 497.0, 155.0, 321.0, 454.0, 439.0, 486.0, 315.0, 441.0, 368.0, 607.0, 615.0], [188.0, 591.0, 0.0, 222.0, 298.0, 662.0, 191.0, 184.0, 630.0, 68.0, 682.0, 503.0, 367.0, 274.0, 215.0, 211.0, 677.0, 444.0, 622.0, 458.0, 162.0, 115.0, 380.0, 532.0, 453.0, 346.0, 455.0, 640.0, 562.0, 146.0, 428.0, 376.0, 255.0, 155.0, 186.0, 635.0, 612.0, 395.0, 544.0, 579.0, 501.0, 597.0, 435.0, 238.0, 249.0, 360.0, 532.0, 87.0, 357.0, 557.0, 439.0, 199.0, 541.0, 325.0, 508.0, 343.0, 537.0, 512.0, 191.0, 620.0, 638.0, 48.0, 102.0, 281.0, 481.0, 650.0, 405.0, 314.0, 605.0, 595.0, 253.0, 320.0, 104.0, 408.0, 391.0, 139.0, 288.0, 201.0, 159.0, 266.0, 515.0, 303.0, 404.0, 175.0, 498.0, 561.0, 174.0, 101.0, 168.0, 374.0, 337.0, 320.0, 211.0, 93.0, 295.0, 149.0, 298.0, 189.0, 652.0, 326.0, 487.0, 650.0, 200.0, 211.0, 246.0, 332.0, 289.0, 595.0, 419.0, 513.0, 232.0, 322.0, 59.0, 662.0, 205.0, 484.0, 545.0, 562.0, 330.0, 564.0, 134.0, 280.0, 425.0, 226.0, 112.0, 238.0, 585.0, 277.0, 429.0, 637.0, 350.0, 552.0, 247.0, 344.0, 573.0, 348.0, 613.0, 363.0, 553.0, 628.0, 459.0, 459.0, 353.0, 379.0, 360.0, 316.0, 358.0, 688.0, 83.0, 194.0], [410.0, 666.0, 222.0, 0.0, 508.0, 720.0, 402.0, 384.0, 684.0, 257.0, 646.0, 508.0, 178.0, 250.0, 240.0, 272.0, 600.0, 613.0, 706.0, 532.0, 131.0, 115.0, 358.0, 534.0, 540.0, 498.0, 349.0, 689.0, 654.0, 355.0, 310.0, 368.0, 374.0, 376.0, 356.0, 614.0, 675.0, 376.0, 495.0, 600.0, 442.0, 651.0, 456.0, 85.0, 44.0, 446.0, 592.0, 307.0, 282.0, 678.0, 493.0, 330.0, 558.0, 410.0, 633.0, 476.0, 477.0, 629.0, 249.0, 545.0, 614.0, 174.0, 316.0, 157.0, 626.0, 573.0, 412.0, 92.0, 586.0, 705.0, 67.0, 247.0, 325.0, 239.0, 550.0, 360.0, 298.0, 217.0, 229.0, 237.0, 605.0, 525.0, 533.0, 383.0, 663.0, 663.0, 396.0, 211.0, 365.0, 476.0, 117.0, 415.0, 373.0, 233.0, 515.0, 338.0, 490.0, 410.0, 739.0, 532.0, 452.0, 754.0, 420.0, 40.0, 336.0, 131.0, 506.0, 698.0, 459.0, 592.0, 320.0, 189.0, 255.0, 756.0, 51.0, 464.0, 452.0, 560.0, 108.0, 614.0, 244.0, 274.0, 274.0, 407.0, 112.0, 376.0, 562.0, 56.0, 345.0, 582.0, 354.0, 696.0, 281.0, 400.0, 685.0, 203.0, 741.0, 433.0, 588.0, 521.0, 571.0, 631.0, 556.0, 299.0, 256.0, 469.0, 282.0, 638.0, 140.0, 52.0], [139.0, 489.0, 298.0, 508.0, 0.0, 571.0, 107.0, 127.0, 550.0, 251.0, 715.0, 523.0, 613.0, 426.0, 364.0, 326.0, 762.0, 213.0, 500.0, 396.0, 403.0, 411.0, 474.0, 548.0, 371.0, 197.0, 612.0, 566.0, 440.0, 154.0, 603.0, 457.0, 248.0, 150.0, 178.0, 657.0, 523.0, 482.0, 620.0, 557.0, 598.0, 526.0, 457.0, 495.0, 524.0, 323.0, 468.0, 212.0, 515.0, 388.0, 414.0, 237.0, 535.0, 313.0, 346.0, 235.0, 628.0, 360.0, 329.0, 712.0, 664.0, 341.0, 196.0, 506.0, 289.0, 740.0, 456.0, 597.0, 632.0, 437.0, 519.0, 490.0, 213.0, 632.0, 202.0, 195.0, 398.0, 370.0, 321.0, 426.0, 408.0, 104.0, 269.0, 125.0, 262.0, 422.0, 160.0, 306.0, 146.0, 306.0, 615.0, 296.0, 181.0, 281.0, 72.0, 174.0, 78.0, 130.0, 519.0, 38.0, 561.0, 492.0, 116.0, 505.0, 291.0, 592.0, 41.0, 448.0, 422.0, 425.0, 293.0, 538.0, 254.0, 518.0, 476.0, 540.0, 670.0, 575.0, 612.0, 504.0, 289.0, 411.0, 631.0, 131.0, 398.0, 215.0, 620.0, 559.0, 572.0, 701.0, 430.0, 345.0, 359.0, 361.0, 416.0, 565.0, 422.0, 350.0, 518.0, 756.0, 334.0, 218.0, 63.0, 534.0, 542.0, 186.0, 516.0, 740.0, 373.0, 468.0], [657.0, 82.0, 662.0, 720.0, 571.0, 0.0, 580.0, 550.0, 37.0, 597.0, 288.0, 238.0, 670.0, 472.0, 487.0, 466.0, 408.0, 391.0, 87.0, 204.0, 599.0, 710.0, 376.0, 224.0, 214.0, 377.0, 490.0, 40.0, 134.0, 585.0, 521.0, 361.0, 410.0, 632.0, 500.0, 244.0, 51.0, 362.0, 338.0, 149.0, 375.0, 69.0, 268.0, 644.0, 698.0, 303.0, 131.0, 636.0, 475.0, 214.0, 230.0, 465.0, 185.0, 337.0, 239.0, 349.0, 367.0, 219.0, 491.0, 398.0, 253.0, 667.0, 611.0, 587.0, 304.0, 405.0, 314.0, 762.0, 245.0, 173.0, 674.0, 495.0, 667.0, 628.0, 371.0, 680.0, 423.0, 509.0, 521.0, 484.0, 163.0, 674.0, 302.0, 573.0, 374.0, 160.0, 670.0, 572.0, 549.0, 293.0, 751.0, 343.0, 473.0, 571.0, 642.0, 545.0, 494.0, 644.0, 96.0, 544.0, 330.0, 155.0, 636.0, 749.0, 417.0, 692.0, 611.0, 151.0, 261.0, 153.0, 433.0, 580.0, 607.0, 120.0, 669.0, 298.0, 446.0, 215.0, 766.0, 106.0, 532.0, 447.0, 591.0, 494.0, 673.0, 435.0, 259.0, 733.0, 455.0, 340.0, 368.0, 293.0, 444.0, 327.0, 183.0, 590.0, 238.0, 301.0, 139.0, 486.0, 237.0, 399.0, 536.0, 471.0, 520.0, 395.0, 476.0, 334.0, 672.0, 670.0], [76.0, 501.0, 191.0, 402.0, 107.0, 580.0, 0.0, 38.0, 555.0, 145.0, 681.0, 488.0, 515.0, 345.0, 279.0, 247.0, 712.0, 277.0, 521.0, 387.0, 302.0, 305.0, 412.0, 516.0, 368.0, 211.0, 536.0, 568.0, 458.0, 47.0, 522.0, 398.0, 198.0, 58.0, 103.0, 625.0, 530.0, 423.0, 569.0, 539.0, 540.0, 526.0, 418.0, 393.0, 420.0, 297.0, 463.0, 108.0, 436.0, 426.0, 390.0, 166.0, 510.0, 276.0, 379.0, 231.0, 573.0, 389.0, 244.0, 659.0, 631.0, 234.0, 90.0, 410.0, 335.0, 687.0, 407.0, 492.0, 598.0, 472.0, 416.0, 408.0, 116.0, 539.0, 240.0, 110.0, 327.0, 281.0, 229.0, 343.0, 419.0, 145.0, 284.0, 22.0, 330.0, 447.0, 90.0, 205.0, 53.0, 292.0, 510.0, 261.0, 122.0, 179.0, 123.0, 79.0, 119.0, 64.0, 545.0, 135.0, 510.0, 528.0, 57.0, 398.0, 229.0, 491.0, 106.0, 478.0, 388.0, 429.0, 225.0, 445.0, 147.0, 549.0, 372.0, 493.0, 605.0, 544.0, 507.0, 499.0, 194.0, 335.0, 543.0, 87.0, 292.0, 164.0, 583.0, 453.0, 499.0, 656.0, 370.0, 400.0, 283.0, 318.0, 450.0, 473.0, 472.0, 317.0, 504.0, 692.0, 349.0, 288.0, 162.0, 457.0, 458.0, 187.0, 437.0, 700.0, 266.0, 364.0], [110.0, 471.0, 184.0, 384.0, 127.0, 550.0, 38.0, 0.0, 523.0, 128.0, 644.0, 451.0, 487.0, 309.0, 244.0, 211.0, 674.0, 266.0, 493.0, 353.0, 276.0, 292.0, 375.0, 479.0, 336.0, 187.0, 501.0, 536.0, 430.0, 43.0, 487.0, 361.0, 161.0, 83.0, 66.0, 588.0, 499.0, 385.0, 531.0, 503.0, 502.0, 494.0, 381.0, 368.0, 398.0, 262.0, 430.0, 109.0, 401.0, 404.0, 355.0, 129.0, 474.0, 239.0, 356.0, 202.0, 535.0, 364.0, 209.0, 621.0, 594.0, 222.0, 86.0, 380.0, 316.0, 650.0, 369.0, 472.0, 561.0, 448.0, 393.0, 373.0, 129.0, 508.0, 222.0, 132.0, 290.0, 248.0, 197.0, 308.0, 389.0, 181.0, 257.0, 23.0, 320.0, 421.0, 121.0, 179.0, 20.0, 259.0, 488.0, 225.0, 84.0, 154.0, 157.0, 47.0, 115.0, 99.0, 518.0, 148.0, 472.0, 505.0, 94.0, 383.0, 191.0, 465.0, 136.0, 453.0, 352.0, 397.0, 188.0, 414.0, 132.0, 523.0, 350.0, 455.0, 568.0, 507.0, 487.0, 466.0, 163.0, 298.0, 510.0, 57.0, 275.0, 127.0, 546.0, 433.0, 463.0, 618.0, 332.0, 384.0, 247.0, 280.0, 426.0, 441.0, 453.0, 280.0, 469.0, 654.0, 321.0, 279.0, 173.0, 421.0, 424.0, 160.0, 402.0, 663.0, 252.0, 342.0], [631.0, 69.0, 630.0, 684.0, 550.0, 37.0, 555.0, 523.0, 0.0, 566.0, 268.0, 202.0, 633.0, 436.0, 451.0, 432.0, 384.0, 379.0, 93.0, 173.0, 563.0, 676.0, 340.0, 189.0, 187.0, 354.0, 455.0, 18.0, 123.0, 558.0, 486.0, 324.0, 379.0, 605.0, 472.0, 219.0, 31.0, 325.0, 306.0, 115.0, 341.0, 33.0, 231.0, 607.0, 661.0, 271.0, 97.0, 607.0, 438.0, 211.0, 195.0, 434.0, 150.0, 305.0, 228.0, 324.0, 335.0, 208.0, 457.0, 370.0, 229.0, 633.0, 582.0, 550.0, 293.0, 379.0, 277.0, 726.0, 218.0, 175.0, 637.0, 458.0, 638.0, 592.0, 354.0, 652.0, 386.0, 474.0, 487.0, 448.0, 143.0, 653.0, 281.0, 546.0, 367.0, 154.0, 643.0, 539.0, 521.0, 265.0, 714.0, 312.0, 445.0, 539.0, 621.0, 517.0, 473.0, 619.0, 112.0, 525.0, 295.0, 169.0, 611.0, 713.0, 384.0, 656.0, 590.0, 153.0, 225.0, 126.0, 399.0, 543.0, 576.0, 138.0, 633.0, 263.0, 414.0, 183.0, 729.0, 70.0, 499.0, 410.0, 555.0, 468.0, 638.0, 406.0, 230.0, 696.0, 419.0, 314.0, 332.0, 291.0, 409.0, 292.0, 182.0, 553.0, 245.0, 268.0, 103.0, 457.0, 217.0, 389.0, 518.0, 434.0, 483.0, 371.0, 439.0, 313.0, 637.0, 634.0], [168.0, 525.0, 68.0, 257.0, 251.0, 597.0, 145.0, 128.0, 566.0, 0.0, 632.0, 448.0, 376.0, 240.0, 175.0, 161.0, 638.0, 380.0, 555.0, 393.0, 162.0, 166.0, 336.0, 478.0, 386.0, 278.0, 430.0, 576.0, 494.0, 98.0, 409.0, 329.0, 188.0, 129.0, 118.0, 583.0, 547.0, 351.0, 501.0, 520.0, 461.0, 533.0, 379.0, 251.0, 275.0, 295.0, 468.0, 70.0, 330.0, 489.0, 377.0, 133.0, 484.0, 261.0, 440.0, 274.0, 497.0, 444.0, 145.0, 582.0, 587.0, 96.0, 64.0, 277.0, 414.0, 612.0, 353.0, 347.0, 554.0, 527.0, 272.0, 295.0, 104.0, 407.0, 325.0, 137.0, 243.0, 167.0, 117.0, 235.0, 448.0, 278.0, 335.0, 126.0, 433.0, 493.0, 161.0, 69.0, 109.0, 308.0, 365.0, 254.0, 144.0, 46.0, 262.0, 86.0, 239.0, 164.0, 584.0, 275.0, 443.0, 582.0, 172.0, 256.0, 184.0, 348.0, 251.0, 527.0, 360.0, 447.0, 171.0, 315.0, 10.0, 595.0, 227.0, 435.0, 513.0, 507.0, 362.0, 501.0, 84.0, 241.0, 417.0, 162.0, 148.0, 169.0, 535.0, 308.0, 400.0, 593.0, 301.0, 484.0, 199.0, 284.0, 505.0, 343.0, 545.0, 300.0, 492.0, 599.0, 391.0, 395.0, 301.0, 352.0, 341.0, 248.0, 331.0, 643.0, 124.0, 218.0], [752.0, 325.0, 682.0, 646.0, 715.0, 288.0, 681.0, 644.0, 268.0, 632.0, 0.0, 193.0, 530.0, 418.0, 468.0, 472.0, 127.0, 596.0, 360.0, 331.0, 558.0, 683.0, 304.0, 166.0, 363.0, 527.0, 318.0, 254.0, 372.0, 665.0, 359.0, 306.0, 483.0, 717.0, 580.0, 60.0, 293.0, 287.0, 151.0, 178.0, 205.0, 262.0, 263.0, 561.0, 610.0, 392.0, 282.0, 693.0, 364.0, 463.0, 302.0, 522.0, 184.0, 406.0, 463.0, 483.0, 172.0, 443.0, 491.0, 142.0, 51.0, 666.0, 673.0, 489.0, 521.0, 134.0, 280.0, 653.0, 83.0, 437.0, 583.0, 400.0, 729.0, 469.0, 549.0, 753.0, 393.0, 485.0, 523.0, 428.0, 364.0, 810.0, 469.0, 665.0, 600.0, 405.0, 758.0, 580.0, 634.0, 411.0, 630.0, 422.0, 559.0, 592.0, 779.0, 618.0, 638.0, 741.0, 380.0, 700.0, 198.0, 437.0, 738.0, 683.0, 458.0, 569.0, 749.0, 415.0, 294.0, 333.0, 467.0, 464.0, 642.0, 405.0, 600.0, 198.0, 228.0, 140.0, 650.0, 254.0, 550.0, 404.0, 425.0, 600.0, 644.0, 517.0, 98.0, 635.0, 305.0, 78.0, 332.0, 540.0, 435.0, 363.0, 438.0, 460.0, 508.0, 367.0, 218.0, 228.0, 422.0, 610.0, 702.0, 347.0, 394.0, 530.0, 364.0, 46.0, 656.0, 606.0], [560.0, 220.0, 503.0, 508.0, 523.0, 238.0, 488.0, 451.0, 202.0, 448.0, 193.0, 0.0, 435.0, 260.0, 296.0, 292.0, 252.0, 422.0, 266.0, 158.0, 399.0, 521.0, 150.0, 30.0, 191.0, 339.0, 254.0, 200.0, 246.0, 474.0, 284.0, 140.0, 290.0, 526.0, 388.0, 137.0, 207.0, 133.0, 126.0, 96.0, 145.0, 174.0, 71.0, 426.0, 479.0, 200.0, 145.0, 505.0, 242.0, 325.0, 116.0, 331.0, 54.0, 213.0, 310.0, 294.0, 150.0, 291.0, 313.0, 214.0, 143.0, 493.0, 484.0, 362.0, 358.0, 235.0, 100.0, 537.0, 110.0, 317.0, 453.0, 268.0, 541.0, 391.0, 368.0, 564.0, 222.0, 316.0, 345.0, 272.0, 217.0, 617.0, 289.0, 473.0, 436.0, 275.0, 567.0, 403.0, 442.0, 223.0, 522.0, 229.0, 367.0, 411.0, 586.0, 427.0, 447.0, 549.0, 296.0, 510.0, 96.0, 340.0, 545.0, 541.0, 269.0, 462.0, 557.0, 298.0, 101.0, 185.0, 279.0, 349.0, 458.0, 321.0, 458.0, 62.0, 225.0, 59.0, 539.0, 142.0, 369.0, 240.0, 354.0, 407.0, 482.0, 324.0, 97.0, 511.0, 217.0, 183.0, 159.0, 393.0, 258.0, 171.0, 309.0, 356.0, 384.0, 174.0, 100.0, 288.0, 255.0, 438.0, 514.0, 236.0, 286.0, 340.0, 243.0, 217.0, 489.0, 461.0], [543.0, 633.0, 367.0, 178.0, 613.0, 670.0, 515.0, 487.0, 633.0, 376.0, 530.0, 435.0, 0.0, 228.0, 266.0, 307.0, 459.0, 666.0, 678.0, 511.0, 214.0, 281.0, 294.0, 456.0, 530.0, 546.0, 212.0, 633.0, 635.0, 471.0, 171.0, 313.0, 416.0, 505.0, 440.0, 511.0, 632.0, 308.0, 382.0, 531.0, 328.0, 602.0, 405.0, 129.0, 135.0, 450.0, 553.0, 440.0, 195.0, 682.0, 462.0, 392.0, 489.0, 419.0, 644.0, 512.0, 358.0, 635.0, 294.0, 408.0, 509.0, 321.0, 440.0, 112.0, 655.0, 434.0, 358.0, 134.0, 486.0, 698.0, 119.0, 180.0, 467.0, 68.0, 598.0, 503.0, 281.0, 251.0, 294.0, 220.0, 590.0, 653.0, 558.0, 494.0, 709.0, 653.0, 534.0, 311.0, 468.0, 485.0, 105.0, 430.0, 447.0, 336.0, 637.0, 440.0, 575.0, 540.0, 710.0, 628.0, 356.0, 739.0, 548.0, 215.0, 367.0, 50.0, 621.0, 686.0, 423.0, 569.0, 355.0, 95.0, 378.0, 732.0, 167.0, 379.0, 311.0, 476.0, 126.0, 566.0, 325.0, 255.0, 111.0, 492.0, 261.0, 433.0, 463.0, 135.0, 228.0, 457.0, 313.0, 719.0, 293.0, 389.0, 681.0, 80.0, 748.0, 425.0, 531.0, 366.0, 577.0, 684.0, 649.0, 200.0, 150.0, 521.0, 194.0, 511.0, 289.0, 177.0], [396.0, 422.0, 274.0, 250.0, 426.0, 472.0, 345.0, 309.0, 436.0, 240.0, 418.0, 260.0, 228.0, 0.0, 67.0, 99.0, 403.0, 443.0, 465.0, 292.0, 141.0, 266.0, 115.0, 288.0, 307.0, 323.0, 193.0, 440.0, 416.0, 309.0, 178.0, 120.0, 197.0, 357.0, 249.0, 377.0, 428.0, 132.0, 273.0, 351.0, 227.0, 403.0, 206.0, 172.0, 226.0, 222.0, 346.0, 309.0, 92.0, 456.0, 248.0, 189.0, 309.0, 191.0, 416.0, 286.0, 264.0, 408.0, 101.0, 346.0, 379.0, 251.0, 297.0, 123.0, 427.0, 376.0, 163.0, 293.0, 348.0, 475.0, 202.0, 65.0, 344.0, 220.0, 374.0, 376.0, 54.0, 74.0, 124.0, 12.0, 370.0, 490.0, 330.0, 324.0, 483.0, 431.0, 394.0, 176.0, 292.0, 258.0, 287.0, 202.0, 246.0, 194.0, 466.0, 266.0, 372.0, 389.0, 498.0, 432.0, 220.0, 520.0, 392.0, 281.0, 147.0, 234.0, 444.0, 465.0, 212.0, 352.0, 138.0, 134.0, 248.0, 517.0, 199.0, 224.0, 273.0, 315.0, 299.0, 366.0, 159.0, 28.0, 210.0, 295.0, 227.0, 221.0, 326.0, 261.0, 160.0, 366.0, 105.0, 491.0, 70.0, 164.0, 457.0, 157.0, 522.0, 200.0, 339.0, 358.0, 350.0, 461.0, 449.0, 113.0, 117.0, 301.0, 93.0, 419.0, 238.0, 201.0], [330.0, 428.0, 215.0, 240.0, 364.0, 487.0, 279.0, 244.0, 451.0, 175.0, 468.0, 296.0, 266.0, 67.0, 0.0, 41.0, 464.0, 401.0, 467.0, 293.0, 113.0, 227.0, 165.0, 325.0, 300.0, 281.0, 259.0, 458.0, 414.0, 243.0, 243.0, 162.0, 151.0, 290.0, 186.0, 423.0, 439.0, 181.0, 329.0, 380.0, 287.0, 418.0, 233.0, 177.0, 227.0, 207.0, 356.0, 244.0, 158.0, 440.0, 257.0, 129.0, 340.0, 170.0, 397.0, 250.0, 323.0, 392.0, 35.0, 407.0, 426.0, 199.0, 230.0, 154.0, 397.0, 437.0, 196.0, 302.0, 393.0, 465.0, 209.0, 129.0, 279.0, 272.0, 334.0, 310.0, 75.0, 23.0, 59.0, 64.0, 365.0, 424.0, 301.0, 258.0, 446.0, 423.0, 328.0, 114.0, 227.0, 238.0, 303.0, 177.0, 187.0, 130.0, 401.0, 201.0, 315.0, 322.0, 499.0, 373.0, 272.0, 514.0, 325.0, 265.0, 104.0, 260.0, 380.0, 458.0, 227.0, 353.0, 91.0, 179.0, 184.0, 516.0, 189.0, 270.0, 338.0, 354.0, 311.0, 382.0, 93.0, 66.0, 268.0, 235.0, 189.0, 168.0, 372.0, 266.0, 226.0, 422.0, 138.0, 465.0, 42.0, 161.0, 446.0, 205.0, 505.0, 193.0, 361.0, 424.0, 333.0, 420.0, 391.0, 180.0, 180.0, 256.0, 160.0, 474.0, 193.0, 188.0], [303.0, 404.0, 211.0, 272.0, 326.0, 466.0, 247.0, 211.0, 432.0, 161.0, 472.0, 292.0, 307.0, 99.0, 41.0, 0.0, 479.0, 360.0, 441.0, 267.0, 141.0, 244.0, 176.0, 321.0, 272.0, 240.0, 290.0, 440.0, 385.0, 214.0, 277.0, 168.0, 110.0, 264.0, 149.0, 424.0, 418.0, 190.0, 341.0, 370.0, 303.0, 399.0, 224.0, 215.0, 263.0, 176.0, 336.0, 225.0, 190.0, 406.0, 237.0, 90.0, 331.0, 139.0, 361.0, 210.0, 338.0, 358.0, 25.0, 424.0, 428.0, 204.0, 208.0, 195.0, 359.0, 454.0, 194.0, 339.0, 395.0, 434.0, 246.0, 164.0, 261.0, 312.0, 293.0, 290.0, 84.0, 59.0, 55.0, 100.0, 337.0, 391.0, 263.0, 226.0, 405.0, 393.0, 303.0, 111.0, 194.0, 204.0, 342.0, 143.0, 147.0, 119.0, 367.0, 169.0, 275.0, 295.0, 473.0, 334.0, 282.0, 484.0, 296.0, 293.0, 65.0, 300.0, 345.0, 428.0, 212.0, 327.0, 50.0, 220.0, 170.0, 488.0, 222.0, 275.0, 361.0, 351.0, 349.0, 363.0, 78.0, 88.0, 307.0, 196.0, 207.0, 127.0, 375.0, 302.0, 253.0, 432.0, 141.0, 427.0, 39.0, 140.0, 413.0, 246.0, 470.0, 167.0, 347.0, 448.0, 299.0, 379.0, 351.0, 210.0, 216.0, 215.0, 191.0, 482.0, 205.0, 220.0], [777.0, 434.0, 677.0, 600.0, 762.0, 408.0, 712.0, 674.0, 384.0, 638.0, 127.0, 252.0, 459.0, 403.0, 464.0, 479.0, 0.0, 673.0, 473.0, 408.0, 535.0, 657.0, 304.0, 236.0, 442.0, 588.0, 252.0, 371.0, 474.0, 688.0, 293.0, 314.0, 518.0, 740.0, 608.0, 165.0, 405.0, 290.0, 143.0, 279.0, 177.0, 372.0, 309.0, 517.0, 560.0, 445.0, 376.0, 704.0, 328.0, 563.0, 367.0, 546.0, 269.0, 449.0, 555.0, 542.0, 141.0, 536.0, 494.0, 57.0, 155.0, 653.0, 687.0, 445.0, 607.0, 27.0, 307.0, 591.0, 169.0, 543.0, 534.0, 367.0, 740.0, 393.0, 619.0, 769.0, 395.0, 477.0, 522.0, 412.0, 457.0, 849.0, 540.0, 694.0, 686.0, 507.0, 780.0, 578.0, 661.0, 472.0, 564.0, 467.0, 592.0, 594.0, 821.0, 641.0, 689.0, 768.0, 496.0, 753.0, 202.0, 551.0, 766.0, 640.0, 483.0, 504.0, 793.0, 522.0, 346.0, 425.0, 488.0, 412.0, 647.0, 522.0, 560.0, 223.0, 149.0, 221.0, 585.0, 356.0, 555.0, 398.0, 348.0, 638.0, 621.0, 552.0, 165.0, 580.0, 258.0, 72.0, 343.0, 636.0, 440.0, 401.0, 541.0, 401.0, 614.0, 415.0, 314.0, 111.0, 505.0, 689.0, 760.0, 307.0, 345.0, 585.0, 328.0, 83.0, 637.0, 568.0], [340.0, 311.0, 444.0, 613.0, 213.0, 391.0, 277.0, 266.0, 379.0, 380.0, 596.0, 422.0, 666.0, 443.0, 401.0, 360.0, 673.0, 0.0, 310.0, 266.0, 487.0, 543.0, 438.0, 439.0, 233.0, 120.0, 594.0, 396.0, 257.0, 309.0, 599.0, 416.0, 250.0, 335.0, 263.0, 537.0, 349.0, 438.0, 541.0, 420.0, 538.0, 362.0, 372.0, 571.0, 615.0, 246.0, 319.0, 376.0, 513.0, 186.0, 307.0, 285.0, 412.0, 262.0, 153.0, 158.0, 558.0, 172.0, 377.0, 633.0, 545.0, 476.0, 352.0, 555.0, 88.0, 656.0, 393.0, 692.0, 517.0, 236.0, 602.0, 504.0, 392.0, 663.0, 68.0, 386.0, 395.0, 418.0, 388.0, 449.0, 241.0, 311.0, 134.0, 283.0, 54.0, 232.0, 359.0, 404.0, 279.0, 211.0, 699.0, 246.0, 242.0, 386.0, 281.0, 295.0, 158.0, 328.0, 323.0, 177.0, 491.0, 286.0, 315.0, 623.0, 299.0, 660.0, 253.0, 251.0, 333.0, 268.0, 311.0, 575.0, 387.0, 317.0, 570.0, 460.0, 620.0, 459.0, 704.0, 352.0, 370.0, 418.0, 648.0, 219.0, 517.0, 239.0, 512.0, 653.0, 549.0, 604.0, 395.0, 132.0, 374.0, 308.0, 217.0, 599.0, 210.0, 278.0, 380.0, 697.0, 174.0, 19.0, 159.0, 526.0, 553.0, 146.0, 515.0, 630.0, 500.0, 565.0], [596.0, 46.0, 622.0, 706.0, 500.0, 87.0, 521.0, 493.0, 93.0, 555.0, 360.0, 266.0, 678.0, 465.0, 467.0, 441.0, 473.0, 310.0, 0.0, 175.0, 580.0, 683.0, 384.0, 261.0, 171.0, 311.0, 517.0, 109.0, 62.0, 531.0, 543.0, 365.0, 367.0, 575.0, 450.0, 309.0, 68.0, 372.0, 383.0, 196.0, 411.0, 102.0, 274.0, 635.0, 689.0, 267.0, 126.0, 587.0, 484.0, 128.0, 217.0, 423.0, 221.0, 304.0, 158.0, 291.0, 410.0, 141.0, 466.0, 455.0, 319.0, 633.0, 561.0, 585.0, 222.0, 466.0, 320.0, 758.0, 305.0, 85.0, 666.0, 499.0, 616.0, 644.0, 298.0, 625.0, 412.0, 490.0, 493.0, 476.0, 107.0, 603.0, 237.0, 515.0, 289.0, 79.0, 611.0, 540.0, 494.0, 248.0, 751.0, 305.0, 422.0, 535.0, 572.0, 495.0, 425.0, 584.0, 33.0, 471.0, 362.0, 78.0, 574.0, 732.0, 385.0, 695.0, 541.0, 64.0, 255.0, 114.0, 401.0, 585.0, 565.0, 55.0, 655.0, 327.0, 489.0, 262.0, 763.0, 125.0, 499.0, 438.0, 610.0, 436.0, 647.0, 388.0, 313.0, 725.0, 477.0, 402.0, 366.0, 206.0, 425.0, 306.0, 97.0, 598.0, 152.0, 275.0, 170.0, 540.0, 172.0, 317.0, 460.0, 484.0, 531.0, 334.0, 486.0, 404.0, 642.0, 655.0], [463.0, 136.0, 458.0, 532.0, 396.0, 204.0, 387.0, 353.0, 173.0, 393.0, 331.0, 158.0, 511.0, 292.0, 293.0, 267.0, 408.0, 266.0, 175.0, 0.0, 405.0, 511.0, 225.0, 173.0, 33.0, 201.0, 374.0, 185.0, 124.0, 386.0, 393.0, 204.0, 206.0, 435.0, 299.0, 272.0, 154.0, 217.0, 282.0, 162.0, 289.0, 142.0, 124.0, 461.0, 514.0, 99.0, 77.0, 434.0, 323.0, 180.0, 53.0, 261.0, 147.0, 134.0, 156.0, 162.0, 303.0, 139.0, 292.0, 372.0, 280.0, 464.0, 409.0, 414.0, 200.0, 392.0, 163.0, 585.0, 251.0, 187.0, 492.0, 331.0, 466.0, 484.0, 218.0, 481.0, 239.0, 316.0, 321.0, 303.0, 79.0, 497.0, 137.0, 376.0, 278.0, 142.0, 474.0, 370.0, 350.0, 94.0, 579.0, 139.0, 273.0, 368.0, 465.0, 344.0, 318.0, 451.0, 207.0, 376.0, 239.0, 228.0, 443.0, 557.0, 214.0, 525.0, 434.0, 175.0, 93.0, 60.0, 230.0, 417.0, 403.0, 225.0, 481.0, 205.0, 373.0, 193.0, 591.0, 112.0, 329.0, 265.0, 455.0, 300.0, 474.0, 233.0, 246.0, 551.0, 330.0, 338.0, 198.0, 240.0, 251.0, 132.0, 172.0, 433.0, 244.0, 100.0, 122.0, 443.0, 97.0, 282.0, 375.0, 327.0, 369.0, 210.0, 324.0, 364.0, 471.0, 480.0], [330.0, 541.0, 162.0, 131.0, 403.0, 599.0, 302.0, 276.0, 563.0, 162.0, 558.0, 399.0, 214.0, 141.0, 113.0, 141.0, 535.0, 487.0, 580.0, 405.0, 0.0, 125.0, 256.0, 428.0, 412.0, 369.0, 299.0, 569.0, 525.0, 257.0, 269.0, 260.0, 243.0, 291.0, 237.0, 519.0, 552.0, 274.0, 411.0, 488.0, 362.0, 530.0, 341.0, 91.0, 128.0, 317.0, 469.0, 227.0, 207.0, 547.0, 370.0, 202.0, 447.0, 280.0, 502.0, 346.0, 399.0, 499.0, 118.0, 477.0, 520.0, 124.0, 226.0, 120.0, 495.0, 507.0, 300.0, 205.0, 490.0, 575.0, 118.0, 168.0, 256.0, 248.0, 422.0, 292.0, 180.0, 90.0, 100.0, 130.0, 477.0, 439.0, 402.0, 281.0, 535.0, 534.0, 321.0, 98.0, 257.0, 345.0, 216.0, 284.0, 250.0, 123.0, 423.0, 229.0, 373.0, 326.0, 612.0, 422.0, 360.0, 625.0, 333.0, 152.0, 205.0, 189.0, 409.0, 569.0, 338.0, 465.0, 189.0, 160.0, 164.0, 628.0, 83.0, 365.0, 394.0, 455.0, 218.0, 493.0, 120.0, 160.0, 263.0, 290.0, 87.0, 248.0, 467.0, 166.0, 279.0, 503.0, 241.0, 565.0, 155.0, 274.0, 555.0, 186.0, 610.0, 305.0, 471.0, 475.0, 440.0, 504.0, 444.0, 229.0, 202.0, 341.0, 207.0, 558.0, 103.0, 80.0], [302.0, 647.0, 115.0, 115.0, 411.0, 710.0, 305.0, 292.0, 676.0, 166.0, 683.0, 521.0, 281.0, 266.0, 227.0, 244.0, 657.0, 543.0, 683.0, 511.0, 125.0, 0.0, 380.0, 550.0, 512.0, 435.0, 415.0, 683.0, 625.0, 258.0, 381.0, 383.0, 324.0, 270.0, 280.0, 643.0, 662.0, 398.0, 536.0, 607.0, 486.0, 642.0, 460.0, 159.0, 150.0, 416.0, 579.0, 202.0, 329.0, 634.0, 481.0, 271.0, 567.0, 379.0, 587.0, 423.0, 523.0, 587.0, 219.0, 600.0, 645.0, 70.0, 215.0, 222.0, 569.0, 630.0, 421.0, 204.0, 614.0, 668.0, 162.0, 290.0, 215.0, 334.0, 484.0, 249.0, 300.0, 206.0, 190.0, 255.0, 577.0, 417.0, 483.0, 287.0, 595.0, 629.0, 286.0, 146.0, 275.0, 439.0, 232.0, 379.0, 302.0, 159.0, 409.0, 252.0, 405.0, 303.0, 714.0, 438.0, 485.0, 721.0, 314.0, 97.0, 299.0, 239.0, 404.0, 665.0, 453.0, 570.0, 282.0, 262.0, 160.0, 728.0, 115.0, 489.0, 514.0, 578.0, 222.0, 607.0, 187.0, 282.0, 361.0, 327.0, 39.0, 317.0, 591.0, 171.0, 400.0, 627.0, 362.0, 640.0, 268.0, 384.0, 646.0, 284.0, 695.0, 411.0, 588.0, 592.0, 531.0, 559.0, 464.0, 350.0, 317.0, 405.0, 329.0, 682.0, 43.0, 105.0], [475.0, 339.0, 380.0, 358.0, 474.0, 376.0, 412.0, 375.0, 340.0, 336.0, 304.0, 150.0, 294.0, 115.0, 165.0, 176.0, 304.0, 438.0, 384.0, 225.0, 256.0, 380.0, 0.0, 176.0, 250.0, 328.0, 157.0, 341.0, 346.0, 386.0, 169.0, 23.0, 227.0, 437.0, 309.0, 262.0, 338.0, 18.0, 165.0, 244.0, 128.0, 308.0, 111.0, 276.0, 329.0, 193.0, 259.0, 401.0, 100.0, 404.0, 173.0, 246.0, 202.0, 177.0, 372.0, 283.0, 163.0, 359.0, 191.0, 248.0, 264.0, 362.0, 384.0, 212.0, 400.0, 278.0, 65.0, 388.0, 233.0, 412.0, 304.0, 119.0, 437.0, 260.0, 372.0, 465.0, 92.0, 181.0, 222.0, 126.0, 303.0, 554.0, 308.0, 393.0, 468.0, 367.0, 477.0, 278.0, 361.0, 229.0, 375.0, 195.0, 297.0, 292.0, 527.0, 339.0, 408.0, 466.0, 417.0, 472.0, 108.0, 449.0, 465.0, 392.0, 185.0, 316.0, 500.0, 398.0, 133.0, 279.0, 187.0, 204.0, 345.0, 439.0, 309.0, 109.0, 196.0, 202.0, 391.0, 272.0, 252.0, 100.0, 230.0, 345.0, 342.0, 260.0, 211.0, 361.0, 112.0, 257.0, 45.0, 454.0, 137.0, 130.0, 398.0, 214.0, 469.0, 161.0, 238.0, 281.0, 306.0, 456.0, 483.0, 102.0, 146.0, 315.0, 101.0, 309.0, 352.0, 313.0], [588.0, 217.0, 532.0, 534.0, 548.0, 224.0, 516.0, 479.0, 189.0, 478.0, 166.0, 30.0, 456.0, 288.0, 325.0, 321.0, 236.0, 439.0, 261.0, 173.0, 428.0, 550.0, 176.0, 0.0, 207.0, 362.0, 267.0, 185.0, 248.0, 503.0, 300.0, 168.0, 318.0, 555.0, 416.0, 109.0, 199.0, 159.0, 122.0, 76.0, 152.0, 164.0, 100.0, 452.0, 505.0, 225.0, 147.0, 535.0, 265.0, 332.0, 137.0, 360.0, 41.0, 240.0, 321.0, 318.0, 149.0, 301.0, 343.0, 203.0, 116.0, 523.0, 513.0, 386.0, 372.0, 221.0, 129.0, 561.0, 83.0, 319.0, 479.0, 292.0, 570.0, 409.0, 388.0, 593.0, 251.0, 345.0, 375.0, 300.0, 224.0, 643.0, 308.0, 501.0, 450.0, 279.0, 595.0, 432.0, 470.0, 246.0, 545.0, 256.0, 395.0, 440.0, 613.0, 456.0, 472.0, 577.0, 290.0, 534.0, 106.0, 337.0, 573.0, 568.0, 298.0, 485.0, 583.0, 299.0, 128.0, 192.0, 308.0, 372.0, 488.0, 316.0, 484.0, 77.0, 227.0, 29.0, 562.0, 136.0, 398.0, 268.0, 370.0, 434.0, 511.0, 352.0, 73.0, 536.0, 234.0, 165.0, 188.0, 403.0, 287.0, 200.0, 313.0, 378.0, 388.0, 200.0, 92.0, 282.0, 269.0, 455.0, 537.0, 256.0, 307.0, 364.0, 266.0, 194.0, 518.0, 488.0], [444.0, 139.0, 453.0, 540.0, 371.0, 214.0, 368.0, 336.0, 187.0, 386.0, 363.0, 191.0, 530.0, 307.0, 300.0, 272.0, 442.0, 233.0, 171.0, 33.0, 412.0, 512.0, 250.0, 207.0, 0.0, 174.0, 401.0, 200.0, 114.0, 372.0, 418.0, 228.0, 198.0, 419.0, 286.0, 304.0, 163.0, 243.0, 315.0, 191.0, 321.0, 158.0, 154.0, 473.0, 526.0, 96.0, 98.0, 422.0, 345.0, 154.0, 83.0, 254.0, 179.0, 133.0, 125.0, 139.0, 335.0, 110.0, 296.0, 405.0, 313.0, 462.0, 397.0, 430.0, 167.0, 426.0, 190.0, 597.0, 284.0, 168.0, 505.0, 351.0, 453.0, 506.0, 187.0, 466.0, 253.0, 323.0, 323.0, 318.0, 65.0, 472.0, 107.0, 359.0, 245.0, 124.0, 457.0, 369.0, 335.0, 80.0, 593.0, 134.0, 259.0, 364.0, 440.0, 331.0, 292.0, 432.0, 202.0, 349.0, 271.0, 214.0, 424.0, 564.0, 214.0, 541.0, 409.0, 159.0, 120.0, 62.0, 230.0, 435.0, 397.0, 216.0, 490.0, 238.0, 404.0, 226.0, 604.0, 134.0, 328.0, 279.0, 479.0, 281.0, 477.0, 221.0, 279.0, 563.0, 358.0, 371.0, 219.0, 209.0, 259.0, 143.0, 151.0, 453.0, 219.0, 108.0, 151.0, 475.0, 64.0, 248.0, 347.0, 351.0, 391.0, 187.0, 347.0, 397.0, 471.0, 489.0], [285.0, 295.0, 346.0, 498.0, 197.0, 377.0, 211.0, 187.0, 354.0, 278.0, 527.0, 339.0, 546.0, 323.0, 281.0, 240.0, 588.0, 120.0, 311.0, 201.0, 369.0, 435.0, 328.0, 362.0, 174.0, 0.0, 481.0, 370.0, 250.0, 228.0, 484.0, 307.0, 130.0, 267.0, 160.0, 468.0, 327.0, 330.0, 449.0, 362.0, 438.0, 329.0, 279.0, 452.0, 497.0, 144.0, 271.0, 290.0, 397.0, 218.0, 225.0, 168.0, 343.0, 150.0, 170.0, 46.0, 462.0, 178.0, 257.0, 542.0, 475.0, 371.0, 264.0, 434.0, 135.0, 567.0, 291.0, 574.0, 444.0, 262.0, 483.0, 385.0, 314.0, 543.0, 53.0, 318.0, 277.0, 298.0, 270.0, 329.0, 213.0, 299.0, 74.0, 208.0, 166.0, 237.0, 301.0, 292.0, 192.0, 116.0, 580.0, 133.0, 135.0, 276.0, 267.0, 201.0, 119.0, 273.0, 334.0, 176.0, 394.0, 318.0, 263.0, 510.0, 178.0, 540.0, 236.0, 267.0, 241.0, 229.0, 190.0, 455.0, 287.0, 338.0, 453.0, 367.0, 517.0, 386.0, 585.0, 308.0, 255.0, 299.0, 530.0, 130.0, 407.0, 122.0, 435.0, 535.0, 437.0, 521.0, 284.0, 206.0, 254.0, 199.0, 239.0, 479.0, 269.0, 175.0, 323.0, 598.0, 140.0, 139.0, 176.0, 411.0, 435.0, 30.0, 398.0, 556.0, 392.0, 448.0], [589.0, 471.0, 455.0, 349.0, 612.0, 490.0, 536.0, 501.0, 455.0, 430.0, 318.0, 254.0, 212.0, 193.0, 259.0, 290.0, 252.0, 594.0, 517.0, 374.0, 299.0, 415.0, 157.0, 267.0, 401.0, 481.0, 0.0, 452.0, 487.0, 502.0, 41.0, 179.0, 370.0, 549.0, 438.0, 303.0, 461.0, 160.0, 173.0, 344.0, 122.0, 427.0, 251.0, 267.0, 308.0, 349.0, 392.0, 500.0, 101.0, 554.0, 321.0, 376.0, 306.0, 332.0, 526.0, 438.0, 147.0, 512.0, 294.0, 198.0, 300.0, 422.0, 489.0, 195.0, 556.0, 226.0, 212.0, 340.0, 280.0, 557.0, 282.0, 135.0, 534.0, 152.0, 528.0, 567.0, 215.0, 263.0, 315.0, 196.0, 449.0, 681.0, 465.0, 516.0, 625.0, 512.0, 587.0, 363.0, 484.0, 386.0, 315.0, 349.0, 431.0, 384.0, 657.0, 459.0, 552.0, 582.0, 548.0, 615.0, 161.0, 588.0, 584.0, 388.0, 323.0, 253.0, 634.0, 541.0, 282.0, 422.0, 320.0, 160.0, 437.0, 572.0, 311.0, 192.0, 103.0, 281.0, 335.0, 395.0, 351.0, 202.0, 108.0, 481.0, 381.0, 400.0, 257.0, 327.0, 45.0, 245.0, 198.0, 609.0, 255.0, 286.0, 545.0, 149.0, 618.0, 318.0, 354.0, 177.0, 460.0, 612.0, 629.0, 80.0, 98.0, 466.0, 100.0, 299.0, 401.0, 319.0], [645.0, 86.0, 640.0, 689.0, 566.0, 40.0, 568.0, 536.0, 18.0, 576.0, 254.0, 200.0, 633.0, 440.0, 458.0, 440.0, 371.0, 396.0, 109.0, 185.0, 569.0, 683.0, 341.0, 185.0, 200.0, 370.0, 452.0, 0.0, 141.0, 570.0, 483.0, 326.0, 391.0, 619.0, 484.0, 207.0, 48.0, 326.0, 299.0, 109.0, 336.0, 43.0, 234.0, 611.0, 665.0, 282.0, 108.0, 618.0, 439.0, 229.0, 203.0, 445.0, 146.0, 315.0, 246.0, 338.0, 328.0, 225.0, 464.0, 359.0, 216.0, 642.0, 594.0, 552.0, 311.0, 367.0, 280.0, 728.0, 207.0, 192.0, 641.0, 460.0, 650.0, 591.0, 370.0, 665.0, 392.0, 481.0, 495.0, 452.0, 159.0, 669.0, 297.0, 559.0, 385.0, 171.0, 657.0, 548.0, 534.0, 277.0, 716.0, 323.0, 457.0, 548.0, 637.0, 529.0, 488.0, 632.0, 126.0, 541.0, 291.0, 184.0, 625.0, 719.0, 394.0, 657.0, 606.0, 170.0, 231.0, 141.0, 409.0, 545.0, 586.0, 152.0, 638.0, 260.0, 406.0, 176.0, 731.0, 77.0, 508.0, 415.0, 553.0, 482.0, 645.0, 418.0, 220.0, 699.0, 417.0, 302.0, 335.0, 308.0, 416.0, 300.0, 199.0, 554.0, 261.0, 277.0, 103.0, 447.0, 233.0, 406.0, 535.0, 434.0, 483.0, 386.0, 440.0, 299.0, 645.0, 639.0], [534.0, 54.0, 562.0, 654.0, 440.0, 134.0, 458.0, 430.0, 123.0, 494.0, 372.0, 246.0, 635.0, 416.0, 414.0, 385.0, 474.0, 257.0, 62.0, 124.0, 525.0, 625.0, 346.0, 248.0, 114.0, 250.0, 487.0, 141.0, 0.0, 469.0, 510.0, 325.0, 307.0, 513.0, 388.0, 316.0, 93.0, 336.0, 369.0, 196.0, 390.0, 113.0, 238.0, 585.0, 638.0, 209.0, 101.0, 525.0, 445.0, 91.0, 173.0, 363.0, 209.0, 247.0, 105.0, 229.0, 395.0, 86.0, 410.0, 449.0, 326.0, 573.0, 499.0, 538.0, 171.0, 464.0, 282.0, 709.0, 306.0, 71.0, 616.0, 455.0, 554.0, 606.0, 239.0, 563.0, 363.0, 437.0, 436.0, 428.0, 48.0, 544.0, 175.0, 453.0, 244.0, 33.0, 549.0, 481.0, 432.0, 188.0, 703.0, 247.0, 360.0, 475.0, 512.0, 433.0, 365.0, 521.0, 90.0, 412.0, 339.0, 104.0, 512.0, 678.0, 327.0, 649.0, 481.0, 53.0, 213.0, 67.0, 343.0, 541.0, 504.0, 103.0, 603.0, 304.0, 471.0, 255.0, 715.0, 119.0, 440.0, 389.0, 575.0, 374.0, 590.0, 326.0, 310.0, 675.0, 446.0, 402.0, 322.0, 170.0, 372.0, 255.0, 66.0, 556.0, 140.0, 221.0, 161.0, 530.0, 110.0, 266.0, 402.0, 447.0, 491.0, 272.0, 446.0, 413.0, 584.0, 602.0], [89.0, 508.0, 146.0, 355.0, 154.0, 585.0, 47.0, 43.0, 558.0, 98.0, 665.0, 474.0, 471.0, 309.0, 243.0, 214.0, 688.0, 309.0, 531.0, 386.0, 257.0, 258.0, 386.0, 503.0, 372.0, 228.0, 502.0, 570.0, 469.0, 0.0, 486.0, 374.0, 186.0, 52.0, 88.0, 612.0, 535.0, 398.0, 547.0, 532.0, 514.0, 528.0, 403.0, 347.0, 373.0, 292.0, 464.0, 67.0, 401.0, 446.0, 384.0, 144.0, 500.0, 266.0, 397.0, 240.0, 548.0, 405.0, 208.0, 634.0, 617.0, 188.0, 45.0, 368.0, 359.0, 663.0, 387.0, 445.0, 584.0, 489.0, 370.0, 371.0, 86.0, 497.0, 265.0, 95.0, 297.0, 242.0, 190.0, 307.0, 427.0, 184.0, 297.0, 29.0, 363.0, 461.0, 93.0, 160.0, 37.0, 293.0, 464.0, 254.0, 113.0, 134.0, 166.0, 47.0, 155.0, 80.0, 557.0, 181.0, 487.0, 545.0, 82.0, 351.0, 208.0, 445.0, 152.0, 493.0, 377.0, 433.0, 201.0, 404.0, 100.0, 563.0, 325.0, 473.0, 575.0, 532.0, 460.0, 498.0, 154.0, 302.0, 503.0, 98.0, 245.0, 155.0, 567.0, 406.0, 467.0, 636.0, 345.0, 427.0, 253.0, 303.0, 467.0, 431.0, 495.0, 307.0, 499.0, 662.0, 360.0, 322.0, 207.0, 423.0, 420.0, 201.0, 403.0, 682.0, 219.0, 317.0], [571.0, 497.0, 428.0, 310.0, 603.0, 521.0, 522.0, 487.0, 486.0, 409.0, 359.0, 284.0, 171.0, 178.0, 243.0, 277.0, 293.0, 599.0, 543.0, 393.0, 269.0, 381.0, 169.0, 300.0, 418.0, 484.0, 41.0, 483.0, 510.0, 486.0, 0.0, 191.0, 367.0, 531.0, 427.0, 342.0, 489.0, 176.0, 212.0, 376.0, 160.0, 457.0, 272.0, 229.0, 268.0, 358.0, 417.0, 478.0, 89.0, 572.0, 340.0, 366.0, 337.0, 337.0, 541.0, 442.0, 187.0, 528.0, 278.0, 240.0, 339.0, 393.0, 469.0, 159.0, 567.0, 267.0, 230.0, 299.0, 319.0, 578.0, 243.0, 115.0, 512.0, 113.0, 532.0, 546.0, 210.0, 244.0, 296.0, 179.0, 470.0, 667.0, 473.0, 501.0, 633.0, 533.0, 567.0, 340.0, 470.0, 395.0, 273.0, 353.0, 423.0, 362.0, 644.0, 444.0, 547.0, 564.0, 575.0, 608.0, 194.0, 612.0, 568.0, 350.0, 317.0, 212.0, 622.0, 563.0, 300.0, 443.0, 312.0, 122.0, 415.0, 598.0, 274.0, 223.0, 144.0, 316.0, 294.0, 423.0, 333.0, 193.0, 70.0, 472.0, 348.0, 394.0, 296.0, 287.0, 66.0, 286.0, 206.0, 623.0, 245.0, 294.0, 565.0, 108.0, 637.0, 328.0, 383.0, 212.0, 475.0, 618.0, 624.0, 73.0, 68.0, 466.0, 87.0, 341.0, 370.0, 283.0], [463.0, 321.0, 376.0, 368.0, 457.0, 361.0, 398.0, 361.0, 324.0, 329.0, 306.0, 140.0, 313.0, 120.0, 162.0, 168.0, 314.0, 416.0, 365.0, 204.0, 260.0, 383.0, 23.0, 168.0, 228.0, 307.0, 179.0, 326.0, 325.0, 374.0, 191.0, 0.0, 210.0, 425.0, 295.0, 261.0, 320.0, 25.0, 173.0, 233.0, 142.0, 292.0, 93.0, 287.0, 341.0, 171.0, 241.0, 392.0, 120.0, 382.0, 152.0, 232.0, 190.0, 156.0, 350.0, 262.0, 174.0, 337.0, 186.0, 260.0, 264.0, 360.0, 374.0, 226.0, 377.0, 289.0, 46.0, 402.0, 232.0, 391.0, 316.0, 135.0, 428.0, 281.0, 351.0, 456.0, 87.0, 180.0, 217.0, 132.0, 282.0, 539.0, 286.0, 380.0, 446.0, 346.0, 466.0, 274.0, 347.0, 207.0, 391.0, 174.0, 281.0, 287.0, 511.0, 327.0, 390.0, 453.0, 398.0, 454.0, 114.0, 429.0, 453.0, 401.0, 170.0, 332.0, 484.0, 377.0, 112.0, 258.0, 174.0, 220.0, 338.0, 419.0, 318.0, 108.0, 214.0, 195.0, 405.0, 255.0, 245.0, 101.0, 252.0, 329.0, 345.0, 243.0, 210.0, 374.0, 134.0, 264.0, 29.0, 432.0, 130.0, 108.0, 376.0, 233.0, 447.0, 139.0, 224.0, 298.0, 283.0, 434.0, 465.0, 123.0, 166.0, 295.0, 121.0, 314.0, 353.0, 321.0], [270.0, 337.0, 255.0, 374.0, 248.0, 410.0, 198.0, 161.0, 379.0, 188.0, 483.0, 290.0, 416.0, 197.0, 151.0, 110.0, 518.0, 250.0, 367.0, 206.0, 243.0, 324.0, 227.0, 318.0, 198.0, 130.0, 370.0, 391.0, 307.0, 186.0, 367.0, 210.0, 0.0, 238.0, 98.0, 427.0, 359.0, 235.0, 375.0, 346.0, 351.0, 348.0, 220.0, 324.0, 370.0, 108.0, 283.0, 228.0, 278.0, 310.0, 198.0, 56.0, 314.0, 80.0, 263.0, 103.0, 381.0, 263.0, 128.0, 466.0, 433.0, 268.0, 204.0, 305.0, 252.0, 494.0, 211.0, 446.0, 400.0, 344.0, 354.0, 261.0, 261.0, 417.0, 183.0, 279.0, 157.0, 168.0, 144.0, 202.0, 260.0, 332.0, 160.0, 183.0, 295.0, 307.0, 278.0, 178.0, 152.0, 119.0, 451.0, 68.0, 77.0, 169.0, 303.0, 141.0, 182.0, 259.0, 397.0, 246.0, 316.0, 398.0, 255.0, 390.0, 50.0, 411.0, 276.0, 342.0, 191.0, 259.0, 61.0, 327.0, 199.0, 408.0, 327.0, 296.0, 422.0, 347.0, 457.0, 316.0, 137.0, 176.0, 406.0, 120.0, 292.0, 35.0, 385.0, 408.0, 328.0, 459.0, 182.0, 322.0, 127.0, 120.0, 323.0, 352.0, 371.0, 121.0, 314.0, 508.0, 207.0, 269.0, 259.0, 295.0, 313.0, 105.0, 280.0, 502.0, 281.0, 323.0], [40.0, 554.0, 155.0, 376.0, 150.0, 632.0, 58.0, 83.0, 605.0, 129.0, 717.0, 526.0, 505.0, 357.0, 290.0, 264.0, 740.0, 335.0, 575.0, 435.0, 291.0, 270.0, 437.0, 555.0, 419.0, 267.0, 549.0, 619.0, 513.0, 52.0, 531.0, 425.0, 238.0, 0.0, 139.0, 663.0, 582.0, 449.0, 598.0, 583.0, 565.0, 576.0, 455.0, 378.0, 399.0, 342.0, 512.0, 69.0, 448.0, 484.0, 434.0, 196.0, 552.0, 317.0, 436.0, 284.0, 599.0, 445.0, 256.0, 685.0, 669.0, 202.0, 65.0, 406.0, 393.0, 714.0, 439.0, 467.0, 636.0, 529.0, 399.0, 416.0, 63.0, 536.0, 298.0, 52.0, 347.0, 287.0, 235.0, 353.0, 472.0, 150.0, 339.0, 60.0, 3